,1,2,3,4,5,6,7,Total
ACEH BARAT,0.953271,0.000000,0.003115,0.015576,0.000000,0.021807,0.006231,321
ACEH BARAT DAYA,0.924658,0.000000,0.000000,0.047945,0.000000,0.006849,0.020548,146
ACEH BESAR,0.930464,0.003311,0.001656,0.006623,0.001656,0.041391,0.014901,604
ACEH JAYA,0.970760,0.000000,0.000000,0.005848,0.000000,0.023392,0.000000,171
ACEH SELATAN,0.931452,0.004032,0.000000,0.012097,0.000000,0.052419,0.000000,248
ACEH SINGKIL,0.858333,0.000000,0.000000,0.033333,0.000000,0.075000,0.033333,120
ACEH TAMIANG,0.826291,0.009390,0.000000,0.046948,0.000000,0.112676,0.004695,213
ACEH TENGAH,0.928814,0.006780,0.000000,0.013559,0.000000,0.037288,0.013559,295
ACEH TENGGARA,0.979167,0.005208,0.000000,0.013021,0.002604,0.000000,0.000000,384
ACEH TIMUR,0.970703,0.000000,0.001953,0.021484,0.001953,0.003906,0.000000,512
ACEH UTARA,0.964830,0.001172,0.000000,0.022274,0.000000,0.009379,0.002345,853
ALOR,0.948571,0.005714,0.000000,0.011429,0.000000,0.034286,0.000000,175
AMBON,0.380000,0.000000,0.000000,0.120000,0.020000,0.480000,0.000000,50
ASAHAN,0.803922,0.000000,0.024510,0.063725,0.000000,0.078431,0.029412,204
ASMAT,0.985612,0.007194,0.000000,0.000000,0.000000,0.000000,0.007194,139
B A T A M,0.312500,0.031250,0.453125,0.062500,0.000000,0.125000,0.015625,64
BADUNG,0.564516,0.000000,0.032258,0.129032,0.000000,0.193548,0.080645,62
BALANGAN,1.000000,0.000000,0.000000,0.000000,0.000000,0.000000,0.000000,152
BALIKPAPAN,0.111111,0.000000,0.074074,0.148148,0.000000,0.296296,0.370370,27
BANDA ACEH,0.077778,0.000000,0.000000,0.144444,0.000000,0.677778,0.100000,90
BANDAR LAMPUNG,0.102041,0.000000,0.122449,0.244898,0.000000,0.489796,0.040816,98
BANDUNG,0.398126,0.007026,0.196721,0.126464,0.004684,0.217799,0.049180,427
BANDUNG BARAT,0.830303,0.012121,0.042424,0.012121,0.000000,0.084848,0.018182,165
BANGGAI,0.932153,0.005900,0.002950,0.035398,0.000000,0.020649,0.002950,339
BANGGAI KEPULAUAN,1.000000,0.000000,0.000000,0.000000,0.000000,0.000000,0.000000,210
BANGKA,0.614286,0.300000,0.000000,0.071429,0.000000,0.014286,0.000000,70
BANGKA BARAT,0.687500,0.281250,0.000000,0.031250,0.000000,0.000000,0.000000,64
BANGKA SELATAN,0.905660,0.094340,0.000000,0.000000,0.000000,0.000000,0.000000,53
BANGKA TENGAH,0.684211,0.175439,0.000000,0.017544,0.000000,0.087719,0.035088,57
BANGKALAN,0.935943,0.000000,0.010676,0.021352,0.000000,0.028470,0.003559,281
BANGLI,0.944444,0.000000,0.013889,0.027778,0.000000,0.000000,0.013889,72
BANJAR,0.869841,0.000000,0.012698,0.057143,0.000000,0.044444,0.015873,315
BANJAR BARU,0.250000,0.100000,0.100000,0.000000,0.050000,0.500000,0.000000,20
BANJARMASIN,0.000000,0.019231,0.057692,0.230769,0.000000,0.634615,0.057692,52
BANJARNEGARA,0.953237,0.000000,0.000000,0.043165,0.000000,0.003597,0.000000,278
BANTAENG,0.955224,0.000000,0.000000,0.029851,0.000000,0.014925,0.000000,67
BANTUL,0.773333,0.000000,0.066667,0.026667,0.000000,0.133333,0.000000,75
BANYU ASIN,0.980263,0.000000,0.006579,0.006579,0.000000,0.000000,0.006579,304
BANYUMAS,0.830816,0.000000,0.045317,0.045317,0.000000,0.078550,0.000000,331
BANYUWANGI,0.884793,0.000000,0.004608,0.046083,0.000000,0.059908,0.004608,217
BARITO KUALA,0.960000,0.000000,0.005000,0.000000,0.000000,0.035000,0.000000,200
BARITO SELATAN,0.947368,0.010526,0.000000,0.021053,0.000000,0.021053,0.000000,95
BARITO TIMUR,0.980583,0.009709,0.000000,0.000000,0.000000,0.009709,0.000000,103
BARITO UTARA,0.990291,0.000000,0.000000,0.009709,0.000000,0.000000,0.000000,103
BARRU,0.962963,0.018519,0.000000,0.018519,0.000000,0.000000,0.000000,54
BATANG,0.891129,0.000000,0.040323,0.024194,0.004032,0.024194,0.016129,248
BATANG HARI,0.946903,0.000000,0.000000,0.026549,0.000000,0.026549,0.000000,113
BATU,0.833333,0.000000,0.041667,0.041667,0.000000,0.083333,0.000000,24
BATU BARA,0.870000,0.010000,0.040000,0.040000,0.000000,0.040000,0.000000,100
BAU-BAU,0.441860,0.000000,0.023256,0.116279,0.000000,0.395349,0.023256,43
BEKASI,0.522634,0.000000,0.193416,0.057613,0.004115,0.201646,0.020576,243
BELITUNG,0.595238,0.190476,0.023810,0.047619,0.000000,0.023810,0.119048,42
BELITUNG TIMUR,0.384615,0.538462,0.000000,0.025641,0.000000,0.025641,0.025641,39
BELU,0.975962,0.000000,0.000000,0.009615,0.000000,0.014423,0.000000,208
BENER MERIAH,0.957082,0.004292,0.000000,0.030043,0.000000,0.008584,0.000000,233
BENGKALIS,0.823529,0.068627,0.000000,0.039216,0.000000,0.058824,0.009804,102
BENGKAYANG,0.991935,0.000000,0.000000,0.008065,0.000000,0.000000,0.000000,124
BENGKULU,0.179104,0.089552,0.014925,0.223881,0.014925,0.477612,0.000000,67
BENGKULU SELATAN,0.893750,0.006250,0.006250,0.018750,0.000000,0.075000,0.000000,160
BENGKULU TENGAH,0.977612,0.007463,0.014925,0.000000,0.000000,0.000000,0.000000,134
BENGKULU UTARA,0.955556,0.008889,0.000000,0.013333,0.013333,0.008889,0.000000,225
BERAU,0.883929,0.035714,0.000000,0.017857,0.000000,0.044643,0.017857,112
BIAK NUMFOR,0.925134,0.000000,0.000000,0.016043,0.000000,0.058824,0.000000,187
BIMA,0.902326,0.013953,0.000000,0.046512,0.000000,0.013953,0.023256,215
BINJAI,0.270270,0.027027,0.027027,0.243243,0.000000,0.378378,0.054054,37
BINTAN,0.745098,0.000000,0.098039,0.039216,0.000000,0.098039,0.019608,51
BIREUEN,0.949097,0.009852,0.006568,0.016420,0.001642,0.004926,0.011494,609
BITUNG,0.695652,0.000000,0.101449,0.057971,0.043478,0.101449,0.000000,69
BLITAR,0.895911,0.000000,0.007435,0.078067,0.000000,0.018587,0.000000,269
BLORA,0.938983,0.000000,0.003390,0.010169,0.000000,0.047458,0.000000,295
BOALEMO,0.976190,0.000000,0.000000,0.011905,0.000000,0.011905,0.000000,84
BOGOR,0.526210,0.006048,0.127016,0.108871,0.006048,0.179435,0.046371,496
BOJONEGORO,0.932558,0.002326,0.004651,0.018605,0.000000,0.041860,0.000000,430
BOLAANG MONGONDOW,0.994186,0.000000,0.000000,0.005814,0.000000,0.000000,0.000000,172
BOLAANG MONGONDOW SELATAN,1.000000,0.000000,0.000000,0.000000,0.000000,0.000000,0.000000,65
BOLAANG MONGONDOW TIMUR,0.980392,0.019608,0.000000,0.000000,0.000000,0.000000,0.000000,51
BOLAANG MONGONDOW UTARA,0.989130,0.000000,0.000000,0.010870,0.000000,0.000000,0.000000,92
BOMBANA,0.935252,0.014388,0.000000,0.043165,0.000000,0.007194,0.000000,139
BONDOWOSO,0.954338,0.000000,0.000000,0.013699,0.000000,0.027397,0.004566,219
BONE,0.962366,0.000000,0.002688,0.010753,0.000000,0.024194,0.000000,372
BONE BOLANGO,0.909091,0.036364,0.000000,0.000000,0.000000,0.054545,0.000000,165
BONTANG,0.133333,0.066667,0.400000,0.266667,0.000000,0.066667,0.066667,15
BOVEN DIGOEL,0.927273,0.000000,0.000000,0.009091,0.000000,0.063636,0.000000,110
BOYOLALI,0.966292,0.000000,0.003745,0.014981,0.000000,0.014981,0.000000,267
BREBES,0.959596,0.000000,0.000000,0.040404,0.000000,0.000000,0.000000,297
BUKITTINGGI,0.166667,0.000000,0.000000,0.583333,0.000000,0.250000,0.000000,24
BULELENG,0.763514,0.000000,0.000000,0.067568,0.000000,0.162162,0.006757,148
BULUKUMBA,0.904762,0.000000,0.023810,0.023810,0.000000,0.047619,0.000000,126
BULUNGAN,0.876543,0.049383,0.012346,0.000000,0.000000,0.024691,0.037037,81
BUNGO,0.917808,0.006849,0.000000,0.027397,0.000000,0.047945,0.000000,146
BUOL,0.916667,0.037037,0.000000,0.009259,0.000000,0.027778,0.009259,108
BURU,0.939024,0.012195,0.036585,0.012195,0.000000,0.000000,0.000000,82
BURU SELATAN,0.981818,0.000000,0.000000,0.018182,0.000000,0.000000,0.000000,55
BUTON,0.951691,0.004831,0.004831,0.004831,0.033816,0.000000,0.000000,207
BUTON UTARA,0.983051,0.000000,0.016949,0.000000,0.000000,0.000000,0.000000,59
CIAMIS,0.960340,0.000000,0.002833,0.025496,0.000000,0.011331,0.000000,353
CIANJUR,0.938889,0.005556,0.000000,0.022222,0.000000,0.030556,0.002778,360
CILACAP,0.926056,0.000000,0.007042,0.042254,0.000000,0.007042,0.017606,284
CILEGON,0.232558,0.000000,0.488372,0.186047,0.000000,0.069767,0.023256,43
CIMAHI,0.000000,0.000000,0.200000,0.200000,0.000000,0.533333,0.066667,15
CIREBON,0.609865,0.011211,0.073991,0.130045,0.006726,0.089686,0.078475,446
D U M A I,0.454545,0.000000,0.060606,0.212121,0.030303,0.242424,0.000000,33
DAIRI,0.976331,0.000000,0.000000,0.017751,0.000000,0.005917,0.000000,169
DEIYAI,1.000000,0.000000,0.000000,0.000000,0.000000,0.000000,0.000000,30
DELI SERDANG,0.722365,0.020566,0.074550,0.041131,0.007712,0.120823,0.012853,389
DEMAK,0.879518,0.008032,0.076305,0.028112,0.004016,0.004016,0.000000,249
DENPASAR,0.116279,0.000000,0.000000,0.348837,0.000000,0.534884,0.000000,43
DEPOK,0.079365,0.000000,0.047619,0.111111,0.000000,0.555556,0.206349,63
DOGIYAI,1.000000,0.000000,0.000000,0.000000,0.000000,0.000000,0.000000,79
DOMPU,1.000000,0.000000,0.000000,0.000000,0.000000,0.000000,0.000000,79
DONGGALA,0.926667,0.000000,0.013333,0.020000,0.000000,0.013333,0.026667,150
EMPAT LAWANG,0.993590,0.000000,0.000000,0.006410,0.000000,0.000000,0.000000,156
ENDE,0.962617,0.000000,0.004673,0.000000,0.000000,0.032710,0.000000,214
ENREKANG,0.976744,0.000000,0.000000,0.007752,0.000000,0.015504,0.000000,129
FAKFAK,0.935484,0.000000,0.000000,0.016129,0.000000,0.040323,0.008065,124
FLORES TIMUR,0.956000,0.000000,0.000000,0.012000,0.000000,0.032000,0.000000,250
GARUT,0.916473,0.002320,0.004640,0.032483,0.002320,0.027842,0.013921,431
GAYO LUES,0.972222,0.006944,0.000000,0.013889,0.000000,0.000000,0.006944,144
GIANYAR,0.700000,0.014286,0.171429,0.042857,0.000000,0.028571,0.042857,70
GORONTALO,0.772549,0.015686,0.003922,0.035294,0.023529,0.145098,0.003922,255
GORONTALO UTARA,0.983740,0.000000,0.000000,0.016260,0.000000,0.000000,0.000000,123
GOWA,0.892216,0.000000,0.000000,0.029940,0.000000,0.029940,0.047904,167
GRESIK,0.724719,0.000000,0.207865,0.056180,0.000000,0.002809,0.008427,356
GROBOGAN,0.971429,0.000000,0.000000,0.025000,0.000000,0.000000,0.003571,280
GUNUNG KIDUL,0.979167,0.000000,0.000000,0.020833,0.000000,0.000000,0.000000,144
GUNUNG MAS,0.872000,0.120000,0.000000,0.008000,0.000000,0.000000,0.000000,125
GUNUNGSITOLI,0.871287,0.009901,0.009901,0.019802,0.000000,0.059406,0.029703,101
HALMAHERA BARAT,0.938776,0.000000,0.000000,0.013605,0.000000,0.047619,0.000000,147
HALMAHERA SELATAN,0.992188,0.007813,0.000000,0.000000,0.000000,0.000000,0.000000,256
HALMAHERA TENGAH,0.964286,0.000000,0.000000,0.017857,0.000000,0.017857,0.000000,56
HALMAHERA TIMUR,0.974026,0.025974,0.000000,0.000000,0.000000,0.000000,0.000000,77
HALMAHERA UTARA,0.939086,0.015228,0.000000,0.010152,0.000000,0.020305,0.015228,197
HULU SUNGAI SELATAN,0.912162,0.000000,0.040541,0.020270,0.000000,0.027027,0.000000,148
HULU SUNGAI TENGAH,0.964497,0.000000,0.000000,0.023669,0.000000,0.011834,0.000000,169
HULU SUNGAI UTARA,0.894977,0.000000,0.027397,0.036530,0.000000,0.041096,0.000000,219
HUMBANG HASUNDUTAN,0.993506,0.000000,0.000000,0.006494,0.000000,0.000000,0.000000,154
INDRAGIRI HILIR,0.968750,0.000000,0.005208,0.010417,0.000000,0.015625,0.000000,192
INDRAGIRI HULU,0.850515,0.030928,0.036082,0.036082,0.000000,0.010309,0.036082,194
INDRAMAYU,0.949367,0.000000,0.000000,0.015823,0.003165,0.031646,0.000000,316
INTAN JAYA,1.000000,0.000000,0.000000,0.000000,0.000000,0.000000,0.000000,37
JAKARTA BARAT,0.000000,0.000000,0.214286,0.589286,0.000000,0.160714,0.035714,56
JAKARTA PUSAT,0.000000,0.000000,0.022727,0.727273,0.000000,0.159091,0.090909,44
JAKARTA SELATAN,0.000000,0.000000,0.000000,0.184615,0.000000,0.661538,0.153846,65
JAKARTA TIMUR,0.000000,0.000000,0.123077,0.153846,0.000000,0.676923,0.046154,65
JAKARTA UTARA,0.032258,0.000000,0.225806,0.580645,0.000000,0.161290,0.000000,31
JAMBI,0.112903,0.016129,0.000000,0.338710,0.016129,0.516129,0.000000,62
JAYAPURA,0.852459,0.005464,0.005464,0.054645,0.000000,0.076503,0.005464,183
JAYAWIJAYA,0.968310,0.007042,0.000000,0.010563,0.000000,0.014085,0.000000,284
JEMBER,0.955645,0.000000,0.000000,0.024194,0.000000,0.020161,0.000000,248
JEMBRANA,0.862745,0.000000,0.039216,0.039216,0.000000,0.058824,0.000000,51
JENEPONTO,0.973451,0.000000,0.000000,0.017699,0.000000,0.008850,0.000000,113
JEPARA,0.654639,0.000000,0.252577,0.067010,0.000000,0.025773,0.000000,194
JOMBANG,0.882353,0.000000,0.013072,0.081699,0.000000,0.022876,0.000000,306
KAIMANA,0.976744,0.000000,0.000000,0.011628,0.000000,0.011628,0.000000,86
KAMPAR,0.946939,0.008163,0.000000,0.012245,0.000000,0.024490,0.008163,245
KAPUAS,0.931373,0.049020,0.000000,0.014706,0.004902,0.000000,0.000000,204
KAPUAS HULU,0.975177,0.010638,0.000000,0.000000,0.000000,0.010638,0.003546,282
KARANG ASEM,0.858974,0.000000,0.038462,0.051282,0.000000,0.051282,0.000000,78
KARANGANYAR,0.870056,0.000000,0.084746,0.011299,0.000000,0.033898,0.000000,177
KARAWANG,0.838188,0.006472,0.090615,0.038835,0.009709,0.006472,0.009709,309
KARIMUN,0.759259,0.037037,0.000000,0.074074,0.018519,0.092593,0.018519,54
KARO,0.966543,0.000000,0.000000,0.014870,0.000000,0.018587,0.000000,269
KATINGAN,0.844720,0.142857,0.000000,0.006211,0.000000,0.006211,0.000000,161
KAUR,0.984615,0.000000,0.005128,0.010256,0.000000,0.000000,0.000000,195
KAYONG UTARA,1.000000,0.000000,0.000000,0.000000,0.000000,0.000000,0.000000,43
KEBUMEN,0.939130,0.000000,0.045652,0.004348,0.000000,0.010870,0.000000,460
KEDIRI,0.838462,0.000000,0.033333,0.082051,0.005128,0.041026,0.000000,390
KEEROM,0.983607,0.016393,0.000000,0.000000,0.000000,0.000000,0.000000,61
KENDAL,0.888112,0.000000,0.034965,0.045455,0.000000,0.031469,0.000000,286
KENDARI,0.281250,0.000000,0.015625,0.156250,0.015625,0.531250,0.000000,64
KEPAHIANG,0.981818,0.000000,0.000000,0.018182,0.000000,0.000000,0.000000,110
KEPULAUAN ANAMBAS,0.972222,0.000000,0.000000,0.000000,0.000000,0.000000,0.027778,36
KEPULAUAN ARU,0.991597,0.000000,0.000000,0.008403,0.000000,0.000000,0.000000,119
KEPULAUAN MENTAWAI,1.000000,0.000000,0.000000,0.000000,0.000000,0.000000,0.000000,43
KEPULAUAN MERANTI,0.890411,0.000000,0.000000,0.027397,0.000000,0.082192,0.000000,73
KEPULAUAN SANGIHE,0.910180,0.005988,0.005988,0.005988,0.000000,0.047904,0.023952,167
KEPULAUAN SERIBU,1.000000,0.000000,0.000000,0.000000,0.000000,0.000000,0.000000,6
KEPULAUAN SULA,0.969925,0.007519,0.000000,0.000000,0.000000,0.022556,0.000000,133
KEPULAUAN TALAUD,0.980392,0.000000,0.000000,0.006536,0.000000,0.006536,0.006536,153
KEPULAUAN YAPEN,0.963964,0.000000,0.000000,0.009009,0.009009,0.018018,0.000000,111
KERINCI,0.951923,0.009615,0.014423,0.009615,0.000000,0.014423,0.000000,208
KETAPANG,0.927711,0.020080,0.008032,0.012048,0.000000,0.032129,0.000000,249
KLATEN,0.842893,0.014963,0.047382,0.049875,0.000000,0.037406,0.007481,401
KLUNGKUNG,0.779661,0.000000,0.016949,0.169492,0.000000,0.016949,0.016949,59
KOLAKA,0.916279,0.027907,0.000000,0.027907,0.000000,0.027907,0.000000,215
KOLAKA UTARA,0.984962,0.000000,0.000000,0.007519,0.000000,0.007519,0.000000,133
KONAWE,0.924574,0.021898,0.004866,0.014599,0.000000,0.029197,0.004866,411
KONAWE SELATAN,0.967123,0.010959,0.005479,0.002740,0.000000,0.010959,0.002740,365
KONAWE UTARA,0.883562,0.041096,0.000000,0.000000,0.000000,0.075342,0.000000,146
KOTA BARU,0.900498,0.019900,0.014925,0.019900,0.000000,0.044776,0.000000,201
KOTAMOBAGU,0.848485,0.000000,0.030303,0.060606,0.000000,0.030303,0.030303,33
KOTAWARINGIN BARAT,0.882979,0.021277,0.000000,0.063830,0.000000,0.031915,0.000000,94
KOTAWARINGIN TIMUR,0.937143,0.011429,0.005714,0.034286,0.000000,0.000000,0.011429,175
KUANTAN SINGINGI,0.952153,0.004785,0.000000,0.043062,0.000000,0.000000,0.000000,209
KUBU RAYA,0.954128,0.000000,0.009174,0.009174,0.000000,0.000000,0.027523,109
KUDUS,0.371212,0.000000,0.575758,0.053030,0.000000,0.000000,0.000000,132
KULON PROGO,0.965909,0.000000,0.022727,0.011364,0.000000,0.000000,0.000000,88
KUNINGAN,0.933511,0.002660,0.005319,0.029255,0.000000,0.023936,0.005319,376
KUPANG,0.807018,0.000000,0.004386,0.039474,0.000000,0.149123,0.000000,228
KUTAI BARAT,0.974790,0.021008,0.000000,0.004202,0.000000,0.000000,0.000000,238
KUTAI KARTANEGARA,0.797357,0.079295,0.013216,0.017621,0.000000,0.061674,0.030837,227
KUTAI TIMUR,0.911111,0.051852,0.000000,0.022222,0.000000,0.007407,0.007407,135
LABUHAN BATU,0.683673,0.000000,0.030612,0.051020,0.000000,0.224490,0.010204,98
LABUHAN BATU SELATAN,0.981481,0.000000,0.018519,0.000000,0.000000,0.000000,0.000000,54
LABUHAN BATU UTARA,0.888889,0.000000,0.000000,0.000000,0.000000,0.111111,0.000000,90
LAHAT,0.941489,0.002660,0.002660,0.015957,0.000000,0.026596,0.010638,376
LAMANDAU,0.987952,0.000000,0.000000,0.012048,0.000000,0.000000,0.000000,83
LAMONGAN,0.964135,0.000000,0.006329,0.014768,0.002110,0.012658,0.000000,474
LAMPUNG BARAT,0.988189,0.000000,0.000000,0.003937,0.000000,0.007874,0.000000,254
LAMPUNG SELATAN,0.936255,0.000000,0.051793,0.003984,0.000000,0.007968,0.000000,251
LAMPUNG TENGAH,0.967427,0.000000,0.013029,0.013029,0.003257,0.003257,0.000000,307
LAMPUNG TIMUR,0.988327,0.000000,0.000000,0.011673,0.000000,0.000000,0.000000,257
LAMPUNG UTARA,0.947368,0.000000,0.000000,0.008097,0.000000,0.040486,0.004049,247
LANDAK,0.980769,0.000000,0.000000,0.006410,0.000000,0.012821,0.000000,156
LANGKAT,0.895307,0.007220,0.000000,0.046931,0.003610,0.028881,0.018051,277
LANGSA,0.575758,0.000000,0.000000,0.106061,0.000000,0.242424,0.075758,66
LANNY JAYA,0.986014,0.013986,0.000000,0.000000,0.000000,0.000000,0.000000,143
LEBAK,0.959420,0.000000,0.002899,0.011594,0.000000,0.026087,0.000000,345
LEBONG,0.954955,0.018018,0.000000,0.027027,0.000000,0.000000,0.000000,111
LEMBATA,0.965278,0.000000,0.000000,0.006944,0.000000,0.027778,0.000000,144
LHOKSEUMAWE,0.514706,0.029412,0.000000,0.058824,0.058824,0.279412,0.058824,68
LINGGA,0.929825,0.000000,0.000000,0.000000,0.000000,0.070175,0.000000,57
LOMBOK BARAT,0.886179,0.000000,0.016260,0.032520,0.008130,0.032520,0.024390,123
LOMBOK TENGAH,0.985612,0.000000,0.000000,0.007194,0.000000,0.007194,0.000000,139
LOMBOK TIMUR,0.934884,0.004651,0.004651,0.041860,0.000000,0.013953,0.000000,215
LOMBOK UTARA,0.969697,0.000000,0.000000,0.000000,0.000000,0.030303,0.000000,33
LUBUKLINGGAU,0.486111,0.013889,0.000000,0.250000,0.000000,0.111111,0.138889,72
LUMAJANG,0.941463,0.000000,0.009756,0.034146,0.000000,0.014634,0.000000,205
LUWU,0.977974,0.000000,0.000000,0.004405,0.000000,0.017621,0.000000,227
LUWU TIMUR,0.892857,0.062500,0.000000,0.026786,0.000000,0.017857,0.000000,112
LUWU UTARA,0.971591,0.000000,0.005682,0.011364,0.000000,0.011364,0.000000,176
MADIUN,0.845494,0.000000,0.004292,0.060086,0.000000,0.085837,0.004292,233
MAGELANG,0.917738,0.000000,0.020566,0.020566,0.000000,0.041131,0.000000,389
MAGETAN,0.914894,0.004255,0.017021,0.034043,0.000000,0.029787,0.000000,235
MAJALENGKA,0.889881,0.005952,0.044643,0.053571,0.000000,0.005952,0.000000,336
MAJENE,0.960526,0.000000,0.000000,0.013158,0.000000,0.026316,0.000000,76
MAKASSAR,0.062937,0.000000,0.020979,0.300699,0.013986,0.580420,0.020979,143
MALANG,0.751678,0.000000,0.082774,0.069351,0.000000,0.082774,0.013423,447
MALINAU,0.981651,0.000000,0.000000,0.018349,0.000000,0.000000,0.000000,109
MALUKU BARAT DAYA,1.000000,0.000000,0.000000,0.000000,0.000000,0.000000,0.000000,117
MALUKU TENGAH,0.965909,0.000000,0.000000,0.005682,0.000000,0.028409,0.000000,176
MALUKU TENGGARA,0.977011,0.011494,0.000000,0.000000,0.000000,0.011494,0.000000,87
MALUKU TENGGARA BARAT,0.959459,0.000000,0.000000,0.000000,0.000000,0.000000,0.040541,74
MAMASA,0.988701,0.000000,0.000000,0.000000,0.000000,0.011299,0.000000,177
MAMBERAMO RAYA,0.974359,0.000000,0.000000,0.000000,0.000000,0.025641,0.000000,39
MAMBERAMO TENGAH,1.000000,0.000000,0.000000,0.000000,0.000000,0.000000,0.000000,59
MAMUJU,0.974194,0.000000,0.000000,0.006452,0.000000,0.019355,0.000000,155
MAMUJU UTARA,0.984127,0.000000,0.000000,0.000000,0.000000,0.015873,0.000000,63
MANADO,0.137931,0.034483,0.000000,0.183908,0.011494,0.574713,0.057471,87
MANDAILING NATAL,0.977941,0.002451,0.002451,0.014706,0.000000,0.002451,0.000000,408
MANGGARAI,0.986577,0.000000,0.000000,0.006711,0.000000,0.006711,0.000000,149
MANGGARAI BARAT,0.991736,0.000000,0.000000,0.000000,0.000000,0.008264,0.000000,121
MANGGARAI TIMUR,0.994318,0.000000,0.000000,0.005682,0.000000,0.000000,0.000000,176
MANOKWARI,0.983213,0.002398,0.000000,0.002398,0.000000,0.009592,0.002398,417
MAPPI,0.992701,0.000000,0.000000,0.007299,0.000000,0.000000,0.000000,137
MAROS,0.932039,0.000000,0.000000,0.009709,0.000000,0.058252,0.000000,103
MATARAM,0.140000,0.000000,0.100000,0.460000,0.020000,0.200000,0.080000,50
MAYBRAT,1.000000,0.000000,0.000000,0.000000,0.000000,0.000000,0.000000,129
MEDAN,0.066225,0.026490,0.086093,0.364238,0.000000,0.417219,0.039735,151
MELAWI,0.976331,0.005917,0.000000,0.005917,0.000000,0.000000,0.011834,169
MERANGIN,0.981132,0.000000,0.000000,0.018868,0.000000,0.000000,0.000000,212
MERAUKE,0.934524,0.000000,0.000000,0.029762,0.000000,0.017857,0.017857,168
MESUJI,1.000000,0.000000,0.000000,0.000000,0.000000,0.000000,0.000000,76
METRO,0.545455,0.000000,0.000000,0.227273,0.000000,0.227273,0.000000,22
MIMIKA,0.941176,0.023529,0.000000,0.035294,0.000000,0.000000,0.000000,85
MINAHASA,0.827004,0.000000,0.037975,0.059072,0.000000,0.063291,0.012658,237
MINAHASA SELATAN,0.988235,0.000000,0.000000,0.011765,0.000000,0.000000,0.000000,170
MINAHASA TENGGARA,0.993056,0.000000,0.000000,0.000000,0.000000,0.006944,0.000000,144
MINAHASA UTARA,0.904000,0.000000,0.008000,0.016000,0.000000,0.064000,0.008000,125
MOJOKERTO,0.826087,0.003106,0.074534,0.068323,0.000000,0.021739,0.006211,322
MOROWALI,0.966667,0.004167,0.004167,0.008333,0.000000,0.016667,0.000000,240
MUARA ENIM,0.953988,0.015337,0.000000,0.009202,0.000000,0.021472,0.000000,326
MUARO JAMBI,0.973510,0.000000,0.006623,0.006623,0.000000,0.013245,0.000000,151
MUKOMUKO,0.980263,0.000000,0.000000,0.013158,0.000000,0.006579,0.000000,152
MUNA,0.941423,0.008368,0.004184,0.025105,0.004184,0.016736,0.000000,239
MURUNG RAYA,0.967742,0.024194,0.000000,0.000000,0.000000,0.008065,0.000000,124
MUSI BANYUASIN,0.983051,0.000000,0.000000,0.004237,0.000000,0.012712,0.000000,236
MUSI RAWAS,0.989170,0.000000,0.003610,0.007220,0.000000,0.000000,0.000000,277
NABIRE,0.913580,0.024691,0.000000,0.037037,0.000000,0.024691,0.000000,81
NAGAN RAYA,0.941704,0.000000,0.017937,0.013453,0.004484,0.017937,0.004484,223
NAGEKEO,0.990000,0.000000,0.010000,0.000000,0.000000,0.000000,0.000000,100
NATUNA,0.986301,0.000000,0.000000,0.000000,0.000000,0.013699,0.000000,73
NDUGA,1.000000,0.000000,0.000000,0.000000,0.000000,0.000000,0.000000,32
NGADA,0.951456,0.000000,0.000000,0.000000,0.000000,0.048544,0.000000,103
NGANJUK,0.940141,0.000000,0.010563,0.024648,0.000000,0.024648,0.000000,284
NGAWI,0.963134,0.000000,0.004608,0.018433,0.000000,0.013825,0.000000,217
NIAS,0.991597,0.008403,0.000000,0.000000,0.000000,0.000000,0.000000,119
NIAS BARAT,1.000000,0.000000,0.000000,0.000000,0.000000,0.000000,0.000000,110
NIAS SELATAN,0.988764,0.000000,0.000000,0.005618,0.002809,0.002809,0.000000,356
NIAS UTARA,0.991150,0.000000,0.000000,0.000000,0.000000,0.000000,0.008850,113
NUNUKAN,0.966667,0.000000,0.000000,0.020833,0.000000,0.008333,0.004167,240
OGAN ILIR,0.854772,0.000000,0.078838,0.049793,0.000000,0.016598,0.000000,241
OGAN KOMERING ILIR,0.941935,0.000000,0.000000,0.009677,0.000000,0.041935,0.006452,310
OGAN KOMERING ULU,0.896104,0.000000,0.012987,0.045455,0.000000,0.025974,0.019481,154
OGAN KOMERING ULU SELATAN,0.976834,0.000000,0.000000,0.023166,0.000000,0.000000,0.000000,259
OGAN KOMERING ULU TIMUR,0.969595,0.000000,0.003378,0.016892,0.000000,0.010135,0.000000,296
PACITAN,0.947368,0.005848,0.000000,0.017544,0.000000,0.029240,0.000000,171
PADANG,0.317308,0.009615,0.057692,0.192308,0.000000,0.317308,0.105769,104
PADANG LAWAS,0.996711,0.000000,0.000000,0.003289,0.000000,0.000000,0.000000,304
PADANG LAWAS UTARA,1.000000,0.000000,0.000000,0.000000,0.000000,0.000000,0.000000,388
PADANG PANJANG,0.250000,0.000000,0.000000,0.250000,0.000000,0.500000,0.000000,16
PADANGSIDIMPUAN,0.721519,0.000000,0.025316,0.177215,0.012658,0.063291,0.000000,79
PAGAR ALAM,0.857143,0.000000,0.028571,0.114286,0.000000,0.000000,0.000000,35
PAKPAK BHARAT,1.000000,0.000000,0.000000,0.000000,0.000000,0.000000,0.000000,52
PALANGKA RAYA,0.800000,0.000000,0.000000,0.166667,0.000000,0.000000,0.033333,30
PALEMBANG,0.046729,0.028037,0.028037,0.308411,0.000000,0.523364,0.065421,107
PALOPO,0.541667,0.000000,0.000000,0.166667,0.000000,0.291667,0.000000,48
PALU,0.139535,0.069767,0.116279,0.302326,0.000000,0.302326,0.069767,43
PAMEKASAN,0.957672,0.000000,0.000000,0.000000,0.000000,0.042328,0.000000,189
PANDEGLANG,0.982090,0.000000,0.000000,0.008955,0.000000,0.005970,0.002985,335
PANGKAJENE DAN KEPULAUAN,0.922330,0.009709,0.009709,0.038835,0.000000,0.019417,0.000000,103
PANGKAL PINANG,0.083333,0.000000,0.000000,0.416667,0.000000,0.305556,0.194444,36
PANIAI,1.000000,0.000000,0.000000,0.000000,0.000000,0.000000,0.000000,70
PARE-PARE,0.181818,0.090909,0.045455,0.409091,0.000000,0.227273,0.045455,22
PARIAMAN,0.633803,0.000000,0.056338,0.112676,0.014085,0.140845,0.042254,71
PARIGI MOUTONG,0.980000,0.000000,0.000000,0.015000,0.000000,0.005000,0.000000,200
PASER,0.938931,0.045802,0.000000,0.000000,0.000000,0.015267,0.000000,131
PASURUAN,0.829574,0.000000,0.067669,0.075188,0.000000,0.027569,0.000000,399
PATI,0.906404,0.007389,0.029557,0.032020,0.000000,0.024631,0.000000,406
PAYAKUMBUH,0.578947,0.013158,0.026316,0.236842,0.000000,0.144737,0.000000,76
PEGUNUNGAN BINTANG,1.000000,0.000000,0.000000,0.000000,0.000000,0.000000,0.000000,244
PEKALONGAN,0.665663,0.003012,0.222892,0.090361,0.000000,0.018072,0.000000,332
PEKANBARU,0.051724,0.000000,0.034483,0.500000,0.000000,0.344828,0.068966,58
PELALAWAN,0.966102,0.000000,0.025424,0.008475,0.000000,0.000000,0.000000,118
PEMALANG,0.905405,0.000000,0.018018,0.049550,0.000000,0.027027,0.000000,222
PEMATANG SIANTAR,0.226415,0.018868,0.056604,0.358491,0.000000,0.301887,0.037736,53
PENAJAM PASER UTARA,0.870370,0.000000,0.037037,0.018519,0.000000,0.074074,0.000000,54
PESAWARAN,0.984962,0.000000,0.000000,0.007519,0.000000,0.000000,0.007519,133
PIDIE,0.969904,0.000000,0.001368,0.013680,0.000000,0.012312,0.002736,731
PIDIE JAYA,0.977477,0.000000,0.000000,0.022523,0.000000,0.000000,0.000000,222
PINRANG,0.942308,0.000000,0.000000,0.038462,0.000000,0.019231,0.000000,104
POHUWATO,0.971154,0.000000,0.000000,0.000000,0.000000,0.019231,0.009615,104
POLEWALI MANDAR,0.946108,0.000000,0.000000,0.029940,0.000000,0.023952,0.000000,167
PONOROGO,0.937705,0.000000,0.003279,0.045902,0.000000,0.013115,0.000000,305
PONTIANAK,0.635417,0.000000,0.020833,0.083333,0.000000,0.239583,0.020833,96
POSO,0.935897,0.006410,0.000000,0.025641,0.000000,0.032051,0.000000,156
PRABUMULIH,0.648649,0.000000,0.027027,0.135135,0.000000,0.189189,0.000000,37
PRINGSEWU,0.950495,0.000000,0.009901,0.039604,0.000000,0.000000,0.000000,101
PROBOLINGGO,0.944290,0.000000,0.011142,0.008357,0.000000,0.027855,0.008357,359
PULANG PISAU,0.989899,0.000000,0.000000,0.000000,0.000000,0.010101,0.000000,99
PULAU MOROTAI,0.968750,0.000000,0.015625,0.015625,0.000000,0.000000,0.000000,64
PUNCAK,1.000000,0.000000,0.000000,0.000000,0.000000,0.000000,0.000000,80
PUNCAK JAYA,0.996689,0.000000,0.000000,0.000000,0.000000,0.000000,0.003311,302
PURBALINGGA,0.903766,0.000000,0.071130,0.020921,0.000000,0.004184,0.000000,239
PURWAKARTA,0.765625,0.005208,0.098958,0.036458,0.000000,0.078125,0.015625,192
PURWOREJO,0.965587,0.000000,0.010121,0.014170,0.000000,0.008097,0.002024,494
RAJA AMPAT,0.975000,0.000000,0.000000,0.008333,0.000000,0.016667,0.000000,120
REJANG LEBONG,0.897436,0.006410,0.000000,0.044872,0.000000,0.051282,0.000000,156
REMBANG,0.928571,0.003401,0.003401,0.027211,0.010204,0.027211,0.000000,294
ROKAN HILIR,0.940000,0.000000,0.020000,0.020000,0.000000,0.020000,0.000000,150
ROKAN HULU,0.973856,0.000000,0.000000,0.019608,0.000000,0.006536,0.000000,153
ROTE NDAO,0.965909,0.011364,0.000000,0.022727,0.000000,0.000000,0.000000,88
S I A K,0.937500,0.007813,0.031250,0.007813,0.000000,0.015625,0.000000,128
SABANG,0.722222,0.055556,0.000000,0.000000,0.000000,0.222222,0.000000,18
SABU RAIJUA,0.968254,0.000000,0.015873,0.015873,0.000000,0.000000,0.000000,63
SALATIGA,0.318182,0.000000,0.318182,0.181818,0.000000,0.181818,0.000000,22
SAMARINDA,0.188679,0.018868,0.037736,0.301887,0.018868,0.433962,0.000000,53
SAMBAS,0.940217,0.005435,0.000000,0.032609,0.000000,0.021739,0.000000,184
SAMOSIR,0.965812,0.000000,0.000000,0.025641,0.000000,0.000000,0.008547,117
SAMPANG,0.940860,0.021505,0.000000,0.005376,0.000000,0.032258,0.000000,186
SANGGAU,0.927711,0.006024,0.006024,0.018072,0.000000,0.042169,0.000000,166
SARMI,0.976744,0.000000,0.000000,0.011628,0.000000,0.011628,0.000000,86
SAROLANGUN,0.978873,0.000000,0.000000,0.014085,0.000000,0.007042,0.000000,142
SAWAH LUNTO,0.594595,0.054054,0.000000,0.108108,0.000000,0.243243,0.000000,37
SEKADAU,0.986842,0.000000,0.000000,0.013158,0.000000,0.000000,0.000000,76
SELAYAR,0.938272,0.000000,0.000000,0.024691,0.000000,0.037037,0.000000,81
SELUMA,0.994975,0.000000,0.000000,0.000000,0.000000,0.005025,0.000000,199
SEMARANG,0.546117,0.000000,0.201456,0.077670,0.000000,0.169903,0.004854,412
SERAM BAGIAN BARAT,0.989130,0.000000,0.010870,0.000000,0.000000,0.000000,0.000000,92
SERAM BAGIAN TIMUR,0.986014,0.000000,0.000000,0.006993,0.000000,0.000000,0.006993,143
SERANG,0.826316,0.000000,0.097368,0.055263,0.002632,0.013158,0.005263,380
SERDANG BEDAGAI,0.921811,0.000000,0.041152,0.024691,0.000000,0.012346,0.000000,243
SERUYAN,0.990000,0.000000,0.000000,0.000000,0.000000,0.010000,0.000000,100
SIAU TAGULANDANG BIARO,0.988095,0.011905,0.000000,0.000000,0.000000,0.000000,0.000000,84
SIBOLGA,0.470588,0.000000,0.000000,0.235294,0.000000,0.294118,0.000000,17
SIDENRENG RAPPANG,0.933962,0.000000,0.028302,0.037736,0.000000,0.000000,0.000000,106
SIDOARJO,0.392045,0.008523,0.508523,0.053977,0.000000,0.031250,0.005682,352
SIGI,0.974522,0.000000,0.012739,0.000000,0.000000,0.012739,0.000000,157
SIJUNJUNG,1.000000,0.000000,0.000000,0.000000,0.000000,0.000000,0.000000,1
SIKKA,0.943750,0.000000,0.006250,0.006250,0.000000,0.031250,0.012500,160
SIMALUNGUN,0.861035,0.002725,0.024523,0.032698,0.000000,0.076294,0.002725,367
SIMEULUE,0.942029,0.000000,0.000000,0.007246,0.007246,0.036232,0.007246,138
SINGKAWANG,0.615385,0.000000,0.000000,0.153846,0.000000,0.153846,0.076923,26
SINJAI,0.975000,0.000000,0.000000,0.012500,0.000000,0.012500,0.000000,80
SINTANG,0.965157,0.000000,0.000000,0.006969,0.000000,0.027875,0.000000,287
SITUBONDO,0.926471,0.000000,0.007353,0.051471,0.000000,0.014706,0.000000,136
SLEMAN,0.825581,0.000000,0.011628,0.034884,0.000000,0.127907,0.000000,86
SOLOK,0.461538,0.000000,0.000000,0.230769,0.000000,0.307692,0.000000,13
SOPPENG,0.971429,0.000000,0.000000,0.000000,0.000000,0.028571,0.000000,70
SORONG,0.831325,0.036145,0.000000,0.006024,0.000000,0.120482,0.006024,166
SORONG SELATAN,0.983193,0.000000,0.000000,0.016807,0.000000,0.000000,0.000000,119
SRAGEN,0.966346,0.000000,0.000000,0.014423,0.000000,0.019231,0.000000,208
SUBANG,0.928854,0.000000,0.003953,0.035573,0.000000,0.031621,0.000000,253
SUBULUSSALAM,0.918919,0.000000,0.000000,0.067568,0.000000,0.000000,0.013514,74
SUKABUMI,0.835000,0.002500,0.060000,0.045000,0.000000,0.052500,0.005000,400
SUKAMARA,0.937500,0.000000,0.000000,0.031250,0.000000,0.031250,0.000000,32
SUKOHARJO,0.706587,0.000000,0.113772,0.083832,0.000000,0.095808,0.000000,167
SUMBA BARAT,0.916667,0.050000,0.000000,0.033333,0.000000,0.000000,0.000000,60
SUMBA BARAT DAYA,0.968750,0.000000,0.010417,0.010417,0.000000,0.010417,0.000000,96
SUMBA TENGAH,1.000000,0.000000,0.000000,0.000000,0.000000,0.000000,0.000000,43
SUMBA TIMUR,0.967949,0.000000,0.000000,0.006410,0.000000,0.025641,0.000000,156
SUMBAWA,0.939759,0.000000,0.006024,0.000000,0.000000,0.054217,0.000000,166
SUMBAWA BARAT,0.906250,0.078125,0.000000,0.000000,0.000000,0.015625,0.000000,64
SUMEDANG,0.885305,0.000000,0.035842,0.039427,0.000000,0.039427,0.000000,279
SUMENEP,0.939759,0.015060,0.003012,0.018072,0.006024,0.018072,0.000000,332
SUNGAI PENUH,0.739130,0.000000,0.014493,0.159420,0.000000,0.086957,0.000000,69
SUPIORI,0.973684,0.000000,0.000000,0.000000,0.000000,0.026316,0.000000,38
SURABAYA,0.043750,0.037500,0.218750,0.218750,0.006250,0.318750,0.156250,160
SURAKARTA,0.000000,0.000000,0.235294,0.470588,0.000000,0.294118,0.000000,51
TABALONG,0.938931,0.000000,0.000000,0.007634,0.000000,0.053435,0.000000,131
TABANAN,0.939850,0.000000,0.015038,0.022556,0.000000,0.022556,0.000000,133
TAKALAR,0.956989,0.000000,0.010753,0.010753,0.000000,0.021505,0.000000,93
TAMBRAUW,0.980000,0.020000,0.000000,0.000000,0.000000,0.000000,0.000000,50
TANA TIDUNG,0.869565,0.130435,0.000000,0.000000,0.000000,0.000000,0.000000,23
TANA TORAJA,0.981132,0.000000,0.000000,0.012579,0.000000,0.006289,0.000000,159
TANAH BUMBU,0.840000,0.066667,0.006667,0.033333,0.000000,0.026667,0.026667,150
TANAH LAUT,0.933333,0.014815,0.000000,0.014815,0.000000,0.037037,0.000000,135
TANGERANG,0.380952,0.000000,0.412698,0.092593,0.005291,0.103175,0.005291,378
TANGERANG SELATAN,0.000000,0.000000,0.148148,0.203704,0.000000,0.611111,0.037037,54
TANGGAMUS,0.974820,0.000000,0.000000,0.014388,0.000000,0.010791,0.000000,278
TANJUNG BALAI,0.548387,0.000000,0.000000,0.225806,0.032258,0.161290,0.032258,31
TANJUNG JABUNG BARAT,0.971429,0.000000,0.000000,0.028571,0.000000,0.000000,0.000000,70
TANJUNG JABUNG TIMUR,1.000000,0.000000,0.000000,0.000000,0.000000,0.000000,0.000000,93
TANJUNG PINANG,0.166667,0.000000,0.055556,0.111111,0.000000,0.333333,0.333333,18
TAPANULI SELATAN,0.995968,0.000000,0.000000,0.004032,0.000000,0.000000,0.000000,248
TAPANULI TENGAH,0.954802,0.000000,0.000000,0.005650,0.000000,0.039548,0.000000,177
TAPANULI UTARA,0.967078,0.000000,0.000000,0.032922,0.000000,0.000000,0.000000,243
TAPIN,0.969925,0.000000,0.000000,0.007519,0.000000,0.022556,0.000000,133
TARAKAN,0.400000,0.000000,0.150000,0.200000,0.000000,0.000000,0.250000,20
TASIKMALAYA,0.859524,0.000000,0.061905,0.059524,0.000000,0.007143,0.011905,420
TEBING TINGGI,0.028571,0.028571,0.000000,0.257143,0.000000,0.542857,0.142857,35
TEBO,0.990566,0.000000,0.000000,0.000000,0.000000,0.009434,0.000000,106
TEGAL,0.678344,0.003185,0.105096,0.136943,0.000000,0.047771,0.028662,314
TELUK BINTUNI,0.980263,0.000000,0.000000,0.013158,0.000000,0.000000,0.006579,152
TELUK WONDAMA,0.947368,0.000000,0.000000,0.026316,0.000000,0.026316,0.000000,76
TEMANGGUNG,0.930796,0.000000,0.003460,0.027682,0.000000,0.038062,0.000000,289
TERNATE,0.454545,0.025974,0.012987,0.038961,0.000000,0.467532,0.000000,77
TIDORE KEPULAUAN,0.875000,0.000000,0.027778,0.013889,0.013889,0.069444,0.000000,72
TIMOR TENGAH SELATAN,0.958333,0.000000,0.000000,0.004167,0.000000,0.037500,0.000000,240
TIMOR TENGAH UTARA,0.979167,0.005208,0.005208,0.000000,0.000000,0.010417,0.000000,192
TOBA SAMOSIR,0.963115,0.000000,0.000000,0.032787,0.000000,0.004098,0.000000,244
TOJO UNA-UNA,0.991736,0.000000,0.000000,0.008264,0.000000,0.000000,0.000000,121
TOLIKARA,0.996055,0.001972,0.000000,0.000000,0.000000,0.001972,0.000000,507
TOLI-TOLI,0.967033,0.010989,0.000000,0.021978,0.000000,0.000000,0.000000,91
TOMOHON,0.704545,0.022727,0.000000,0.022727,0.000000,0.250000,0.000000,44
TORAJA UTARA,0.940397,0.000000,0.000000,0.033113,0.000000,0.026490,0.000000,151
TRENGGALEK,0.949045,0.000000,0.019108,0.000000,0.000000,0.031847,0.000000,157
TUAL,0.793103,0.000000,0.000000,0.034483,0.000000,0.034483,0.137931,29
TUBAN,0.939024,0.000000,0.000000,0.030488,0.000000,0.027439,0.003049,328
TULANG BAWANG BARAT,1.000000,0.000000,0.000000,0.000000,0.000000,0.000000,0.000000,79
TULANGBAWANG,0.986755,0.000000,0.000000,0.013245,0.000000,0.000000,0.000000,151
TULUNGAGUNG,0.804428,0.000000,0.092251,0.055351,0.000000,0.044280,0.003690,271
WAJO,0.926136,0.000000,0.005682,0.045455,0.000000,0.022727,0.000000,176
WAKATOBI,0.840000,0.010000,0.000000,0.050000,0.000000,0.100000,0.000000,100
WAROPEN,0.908046,0.000000,0.000000,0.091954,0.000000,0.000000,0.000000,87
WAY KANAN,0.985714,0.000000,0.000000,0.014286,0.000000,0.000000,0.000000,210
WONOGIRI,0.972789,0.000000,0.006803,0.010204,0.000000,0.010204,0.000000,294
WONOSOBO,0.947170,0.000000,0.015094,0.026415,0.000000,0.011321,0.000000,265
YAHUKIMO,0.998069,0.000000,0.000000,0.001931,0.000000,0.000000,0.000000,518
YALIMO,0.962963,0.037037,0.000000,0.000000,0.000000,0.000000,0.000000,27
YOGYAKARTA,0.000000,0.000000,0.000000,0.333333,0.000000,0.666667,0.000000,45
