,1,2,3,4,5,6,7,8,Total
ACEH BARAT,0.009346,0.021807,0.028037,0.834891,0.021807,0.071651,0.000000,0.012461,321
ACEH BARAT DAYA,0.013699,0.041096,0.054795,0.753425,0.089041,0.047945,0.000000,0.000000,146
ACEH BESAR,0.114238,0.097682,0.038079,0.692053,0.028146,0.029801,0.000000,0.000000,604
ACEH JAYA,0.064327,0.076023,0.046784,0.520468,0.239766,0.035088,0.000000,0.017544,171
ACEH SELATAN,0.000000,0.044355,0.028226,0.637097,0.197581,0.092742,0.000000,0.000000,248
ACEH SINGKIL,0.008333,0.091667,0.066667,0.525000,0.058333,0.191667,0.050000,0.008333,120
ACEH TAMIANG,0.070423,0.084507,0.140845,0.511737,0.079812,0.051643,0.004695,0.056338,213
ACEH TENGAH,0.010169,0.186441,0.003390,0.091525,0.586441,0.067797,0.050847,0.003390,295
ACEH TENGGARA,0.005208,0.117188,0.026042,0.500000,0.265625,0.083333,0.000000,0.002604,384
ACEH TIMUR,0.019531,0.074219,0.039063,0.750000,0.042969,0.064453,0.001953,0.007813,512
ACEH UTARA,0.022274,0.107855,0.011723,0.817116,0.004689,0.030481,0.000000,0.005862,853
ALOR,0.000000,0.051429,0.005714,0.285714,0.474286,0.062857,0.085714,0.034286,175
AMBON,0.000000,0.440000,0.100000,0.140000,0.320000,0.000000,0.000000,0.000000,50
ASAHAN,0.044118,0.112745,0.416667,0.328431,0.000000,0.044118,0.029412,0.024510,204
ASMAT,0.000000,0.028777,0.000000,0.021583,0.000000,0.460432,0.489209,0.000000,139
B A T A M,0.406250,0.296875,0.015625,0.203125,0.015625,0.000000,0.062500,0.000000,64
BADUNG,0.016129,0.483871,0.225806,0.177419,0.096774,0.000000,0.000000,0.000000,62
BALANGAN,0.000000,0.276316,0.223684,0.263158,0.013158,0.223684,0.000000,0.000000,152
BALIKPAPAN,0.000000,0.851852,0.037037,0.074074,0.037037,0.000000,0.000000,0.000000,27
BANDA ACEH,0.600000,0.188889,0.000000,0.100000,0.000000,0.000000,0.000000,0.111111,90
BANDAR LAMPUNG,0.071429,0.275510,0.234694,0.377551,0.040816,0.000000,0.000000,0.000000,98
BANDUNG,0.070258,0.156909,0.309133,0.288056,0.166276,0.000000,0.004684,0.004684,427
BANDUNG BARAT,0.024242,0.018182,0.084848,0.478788,0.345455,0.000000,0.018182,0.030303,165
BANGGAI,0.008850,0.147493,0.005900,0.548673,0.244838,0.017699,0.000000,0.026549,339
BANGGAI KEPULAUAN,0.000000,0.133333,0.000000,0.104762,0.633333,0.033333,0.095238,0.000000,210
BANGKA,0.071429,0.042857,0.028571,0.857143,0.000000,0.000000,0.000000,0.000000,70
BANGKA BARAT,0.062500,0.000000,0.046875,0.859375,0.000000,0.031250,0.000000,0.000000,64
BANGKA SELATAN,0.018868,0.000000,0.037736,0.886792,0.056604,0.000000,0.000000,0.000000,53
BANGKA TENGAH,0.087719,0.017544,0.035088,0.842105,0.000000,0.017544,0.000000,0.000000,57
BANGKALAN,0.007117,0.060498,0.053381,0.846975,0.021352,0.003559,0.000000,0.007117,281
BANGLI,0.000000,0.250000,0.000000,0.055556,0.458333,0.041667,0.194444,0.000000,72
BANJAR,0.000000,0.184127,0.009524,0.390476,0.034921,0.333333,0.047619,0.000000,315
BANJAR BARU,0.000000,0.250000,0.000000,0.750000,0.000000,0.000000,0.000000,0.000000,20
BANJARMASIN,0.019231,0.980769,0.000000,0.000000,0.000000,0.000000,0.000000,0.000000,52
BANJARNEGARA,0.000000,0.021583,0.043165,0.302158,0.618705,0.014388,0.000000,0.000000,278
BANTAENG,0.000000,0.238806,0.000000,0.104478,0.656716,0.000000,0.000000,0.000000,67
BANTUL,0.000000,0.053333,0.053333,0.893333,0.000000,0.000000,0.000000,0.000000,75
BANYU ASIN,0.046053,0.062500,0.003289,0.226974,0.003289,0.098684,0.559211,0.000000,304
BANYUMAS,0.000000,0.063444,0.039275,0.673716,0.211480,0.012085,0.000000,0.000000,331
BANYUWANGI,0.000000,0.161290,0.124424,0.511521,0.198157,0.004608,0.000000,0.000000,217
BARITO KUALA,0.000000,0.095000,0.155000,0.050000,0.000000,0.580000,0.115000,0.005000,200
BARITO SELATAN,0.000000,0.189474,0.021053,0.273684,0.073684,0.431579,0.000000,0.010526,95
BARITO TIMUR,0.000000,0.087379,0.009709,0.699029,0.029126,0.174757,0.000000,0.000000,103
BARITO UTARA,0.000000,0.106796,0.009709,0.184466,0.048544,0.621359,0.019417,0.009709,103
BARRU,0.000000,0.222222,0.018519,0.444444,0.296296,0.000000,0.000000,0.018519,54
BATANG,0.000000,0.133065,0.008065,0.512097,0.334677,0.012097,0.000000,0.000000,248
BATANG HARI,0.008850,0.097345,0.026549,0.805310,0.000000,0.061947,0.000000,0.000000,113
BATU,0.000000,0.208333,0.000000,0.041667,0.750000,0.000000,0.000000,0.000000,24
BATU BARA,0.040000,0.150000,0.400000,0.410000,0.000000,0.000000,0.000000,0.000000,100
BAU-BAU,0.000000,0.674419,0.000000,0.046512,0.279070,0.000000,0.000000,0.000000,43
BEKASI,0.255144,0.061728,0.588477,0.082305,0.000000,0.008230,0.004115,0.000000,243
BELITUNG,0.095238,0.000000,0.000000,0.904762,0.000000,0.000000,0.000000,0.000000,42
BELITUNG TIMUR,0.179487,0.000000,0.051282,0.641026,0.128205,0.000000,0.000000,0.000000,39
BELU,0.000000,0.048077,0.004808,0.437500,0.456731,0.038462,0.009615,0.004808,208
BENER MERIAH,0.000000,0.158798,0.004292,0.098712,0.592275,0.085837,0.047210,0.012876,233
BENGKALIS,0.058824,0.000000,0.000000,0.196078,0.000000,0.000000,0.745098,0.000000,102
BENGKAYANG,0.016129,0.032258,0.000000,0.217742,0.354839,0.258065,0.120968,0.000000,124
BENGKULU,0.029851,0.552239,0.134328,0.283582,0.000000,0.000000,0.000000,0.000000,67
BENGKULU SELATAN,0.000000,0.031250,0.000000,0.931250,0.031250,0.006250,0.000000,0.000000,160
BENGKULU TENGAH,0.000000,0.059701,0.014925,0.768657,0.074627,0.067164,0.007463,0.007463,134
BENGKULU UTARA,0.008889,0.182222,0.008889,0.724444,0.022222,0.044444,0.000000,0.008889,225
BERAU,0.000000,0.223214,0.026786,0.196429,0.116071,0.321429,0.107143,0.008929,112
BIAK NUMFOR,0.000000,0.069519,0.010695,0.358289,0.352941,0.016043,0.192513,0.000000,187
BIMA,0.000000,0.125581,0.386047,0.260465,0.213953,0.000000,0.004651,0.009302,215
BINJAI,0.000000,0.189189,0.378378,0.405405,0.000000,0.027027,0.000000,0.000000,37
BINTAN,0.039216,0.058824,0.000000,0.784314,0.098039,0.019608,0.000000,0.000000,51
BIREUEN,0.013136,0.116585,0.008210,0.827586,0.008210,0.019704,0.001642,0.004926,609
BITUNG,0.028986,0.507246,0.101449,0.188406,0.173913,0.000000,0.000000,0.000000,69
BLITAR,0.000000,0.033457,0.026022,0.702602,0.237918,0.000000,0.000000,0.000000,269
BLORA,0.020339,0.044068,0.193220,0.701695,0.040678,0.000000,0.000000,0.000000,295
BOALEMO,0.000000,0.107143,0.000000,0.773810,0.119048,0.000000,0.000000,0.000000,84
BOGOR,0.030242,0.078629,0.221774,0.493952,0.175403,0.000000,0.000000,0.000000,496
BOJONEGORO,0.002326,0.088372,0.620930,0.248837,0.030233,0.002326,0.000000,0.006977,430
BOLAANG MONGONDOW,0.000000,0.093023,0.011628,0.744186,0.151163,0.000000,0.000000,0.000000,172
BOLAANG MONGONDOW SELATAN,0.015385,0.015385,0.046154,0.461538,0.353846,0.000000,0.000000,0.107692,65
BOLAANG MONGONDOW TIMUR,0.000000,0.215686,0.000000,0.470588,0.274510,0.000000,0.000000,0.039216,51
BOLAANG MONGONDOW UTARA,0.000000,0.000000,0.000000,0.902174,0.065217,0.000000,0.000000,0.032609,92
BOMBANA,0.000000,0.100719,0.007194,0.359712,0.467626,0.057554,0.000000,0.007194,139
BONDOWOSO,0.000000,0.063927,0.009132,0.465753,0.452055,0.004566,0.000000,0.004566,219
BONE,0.005376,0.094086,0.112903,0.516129,0.209677,0.051075,0.010753,0.000000,372
BONE BOLANGO,0.012121,0.096970,0.024242,0.666667,0.181818,0.018182,0.000000,0.000000,165
BONTANG,0.200000,0.600000,0.066667,0.133333,0.000000,0.000000,0.000000,0.000000,15
BOVEN DIGOEL,0.000000,0.009091,0.000000,0.372727,0.463636,0.145455,0.009091,0.000000,110
BOYOLALI,0.000000,0.082397,0.000000,0.677903,0.172285,0.011236,0.056180,0.000000,267
BREBES,0.000000,0.195286,0.164983,0.457912,0.181818,0.000000,0.000000,0.000000,297
BUKITTINGGI,0.000000,0.666667,0.083333,0.250000,0.000000,0.000000,0.000000,0.000000,24
BULELENG,0.000000,0.310811,0.013514,0.067568,0.608108,0.000000,0.000000,0.000000,148
BULUKUMBA,0.007937,0.103175,0.166667,0.523810,0.174603,0.007937,0.000000,0.015873,126
BULUNGAN,0.000000,0.123457,0.000000,0.000000,0.123457,0.333333,0.382716,0.037037,81
BUNGO,0.047945,0.027397,0.006849,0.753425,0.047945,0.116438,0.000000,0.000000,146
BUOL,0.000000,0.157407,0.009259,0.472222,0.287037,0.064815,0.000000,0.009259,108
BURU,0.000000,0.036585,0.000000,0.439024,0.439024,0.048780,0.000000,0.036585,82
BURU SELATAN,0.000000,0.000000,0.000000,0.327273,0.545455,0.127273,0.000000,0.000000,55
BUTON,0.000000,0.159420,0.000000,0.212560,0.521739,0.004831,0.101449,0.000000,207
BUTON UTARA,0.000000,0.101695,0.000000,0.644068,0.237288,0.016949,0.000000,0.000000,59
CIAMIS,0.000000,0.048159,0.093484,0.600567,0.246459,0.000000,0.002833,0.008499,353
CIANJUR,0.002778,0.036111,0.072222,0.644444,0.233333,0.011111,0.000000,0.000000,360
CILACAP,0.000000,0.088028,0.091549,0.697183,0.119718,0.003521,0.000000,0.000000,284
CILEGON,0.255814,0.093023,0.418605,0.232558,0.000000,0.000000,0.000000,0.000000,43
CIMAHI,0.000000,0.066667,0.600000,0.333333,0.000000,0.000000,0.000000,0.000000,15
CIREBON,0.040359,0.174888,0.363229,0.401345,0.015695,0.000000,0.004484,0.000000,446
D U M A I,0.181818,0.000000,0.393939,0.181818,0.000000,0.000000,0.242424,0.000000,33
DAIRI,0.005917,0.183432,0.000000,0.047337,0.550296,0.142012,0.071006,0.000000,169
DEIYAI,0.000000,0.000000,0.033333,0.333333,0.466667,0.000000,0.066667,0.100000,30
DELI SERDANG,0.043702,0.125964,0.221080,0.424165,0.151671,0.033419,0.000000,0.000000,389
DEMAK,0.056225,0.261044,0.469880,0.140562,0.000000,0.056225,0.016064,0.000000,249
DENPASAR,0.232558,0.674419,0.023256,0.069767,0.000000,0.000000,0.000000,0.000000,43
DEPOK,0.000000,0.174603,0.460317,0.365079,0.000000,0.000000,0.000000,0.000000,63
DOGIYAI,0.000000,0.012658,0.000000,0.000000,0.835443,0.101266,0.037975,0.012658,79
DOMPU,0.000000,0.202532,0.202532,0.329114,0.265823,0.000000,0.000000,0.000000,79
DONGGALA,0.000000,0.100000,0.193333,0.253333,0.266667,0.160000,0.006667,0.020000,150
EMPAT LAWANG,0.000000,0.006410,0.025641,0.685897,0.083333,0.198718,0.000000,0.000000,156
ENDE,0.000000,0.102804,0.000000,0.135514,0.738318,0.009346,0.009346,0.004673,214
ENREKANG,0.000000,0.085271,0.085271,0.100775,0.635659,0.093023,0.000000,0.000000,129
FAKFAK,0.000000,0.096774,0.000000,0.104839,0.346774,0.080645,0.354839,0.016129,124
FLORES TIMUR,0.000000,0.092000,0.000000,0.152000,0.704000,0.000000,0.052000,0.000000,250
GARUT,0.000000,0.048724,0.034803,0.450116,0.443155,0.020882,0.000000,0.002320,431
GAYO LUES,0.000000,0.145833,0.000000,0.111111,0.645833,0.097222,0.000000,0.000000,144
GIANYAR,0.000000,0.542857,0.014286,0.114286,0.228571,0.014286,0.057143,0.028571,70
GORONTALO,0.023529,0.192157,0.011765,0.607843,0.133333,0.023529,0.000000,0.007843,255
GORONTALO UTARA,0.000000,0.040650,0.008130,0.715447,0.138211,0.073171,0.000000,0.024390,123
GOWA,0.000000,0.059880,0.239521,0.347305,0.353293,0.000000,0.000000,0.000000,167
GRESIK,0.146067,0.176966,0.224719,0.185393,0.078652,0.044944,0.070225,0.073034,356
GROBOGAN,0.021429,0.046429,0.185714,0.710714,0.035714,0.000000,0.000000,0.000000,280
GUNUNG KIDUL,0.000000,0.194444,0.006944,0.493056,0.062500,0.006944,0.236111,0.000000,144
GUNUNG MAS,0.008000,0.056000,0.096000,0.040000,0.040000,0.728000,0.008000,0.024000,125
GUNUNGSITOLI,0.000000,0.118812,0.019802,0.435644,0.396040,0.019802,0.009901,0.000000,101
HALMAHERA BARAT,0.000000,0.142857,0.006803,0.380952,0.346939,0.020408,0.102041,0.000000,147
HALMAHERA SELATAN,0.000000,0.085938,0.019531,0.570313,0.203125,0.101563,0.019531,0.000000,256
HALMAHERA TENGAH,0.000000,0.000000,0.000000,0.464286,0.392857,0.125000,0.017857,0.000000,56
HALMAHERA TIMUR,0.000000,0.000000,0.000000,0.792208,0.116883,0.064935,0.000000,0.025974,77
HALMAHERA UTARA,0.000000,0.091371,0.005076,0.715736,0.081218,0.060914,0.030457,0.015228,197
HULU SUNGAI SELATAN,0.000000,0.202703,0.324324,0.054054,0.060811,0.331081,0.006757,0.020270,148
HULU SUNGAI TENGAH,0.000000,0.118343,0.562130,0.071006,0.035503,0.201183,0.011834,0.000000,169
HULU SUNGAI UTARA,0.000000,0.337900,0.301370,0.004566,0.000000,0.356164,0.000000,0.000000,219
HUMBANG HASUNDUTAN,0.000000,0.045455,0.136364,0.207792,0.538961,0.032468,0.038961,0.000000,154
INDRAGIRI HILIR,0.005208,0.010417,0.000000,0.078125,0.000000,0.005208,0.901042,0.000000,192
INDRAGIRI HULU,0.056701,0.051546,0.015464,0.721649,0.000000,0.108247,0.046392,0.000000,194
INDRAMAYU,0.155063,0.341772,0.351266,0.075949,0.009494,0.028481,0.022152,0.015823,316
INTAN JAYA,0.000000,0.000000,0.000000,0.000000,1.000000,0.000000,0.000000,0.000000,37
JAKARTA BARAT,0.071429,0.714286,0.214286,0.000000,0.000000,0.000000,0.000000,0.000000,56
JAKARTA PUSAT,0.022727,0.909091,0.068182,0.000000,0.000000,0.000000,0.000000,0.000000,44
JAKARTA SELATAN,0.000000,0.153846,0.830769,0.015385,0.000000,0.000000,0.000000,0.000000,65
JAKARTA TIMUR,0.046154,0.123077,0.830769,0.000000,0.000000,0.000000,0.000000,0.000000,65
JAKARTA UTARA,0.290323,0.709677,0.000000,0.000000,0.000000,0.000000,0.000000,0.000000,31
JAMBI,0.016129,0.709677,0.000000,0.274194,0.000000,0.000000,0.000000,0.000000,62
JAYAPURA,0.010929,0.191257,0.027322,0.202186,0.355191,0.114754,0.065574,0.032787,183
JAYAWIJAYA,0.003521,0.007042,0.000000,0.038732,0.637324,0.281690,0.031690,0.000000,284
JEMBER,0.000000,0.020161,0.036290,0.733871,0.201613,0.000000,0.000000,0.008065,248
JEMBRANA,0.019608,0.411765,0.019608,0.215686,0.235294,0.098039,0.000000,0.000000,51
JENEPONTO,0.000000,0.141593,0.442478,0.274336,0.141593,0.000000,0.000000,0.000000,113
JEPARA,0.000000,0.139175,0.139175,0.659794,0.061856,0.000000,0.000000,0.000000,194
JOMBANG,0.000000,0.052288,0.506536,0.398693,0.032680,0.009804,0.000000,0.000000,306
KAIMANA,0.000000,0.011628,0.011628,0.174419,0.290698,0.151163,0.360465,0.000000,86
KAMPAR,0.057143,0.008163,0.048980,0.697959,0.073469,0.110204,0.000000,0.004082,245
KAPUAS,0.000000,0.063725,0.068627,0.132353,0.014706,0.504902,0.196078,0.019608,204
KAPUAS HULU,0.000000,0.117021,0.003546,0.024823,0.219858,0.553191,0.070922,0.010638,282
KARANG ASEM,0.000000,0.423077,0.000000,0.102564,0.294872,0.000000,0.179487,0.000000,78
KARANGANYAR,0.000000,0.192090,0.045198,0.389831,0.372881,0.000000,0.000000,0.000000,177
KARAWANG,0.029126,0.113269,0.647249,0.184466,0.009709,0.006472,0.006472,0.003236,309
KARIMUN,0.000000,0.074074,0.000000,0.888889,0.000000,0.000000,0.037037,0.000000,54
KARO,0.000000,0.211896,0.122677,0.044610,0.594796,0.022305,0.000000,0.003717,269
KATINGAN,0.000000,0.049689,0.254658,0.161491,0.006211,0.490683,0.037267,0.000000,161
KAUR,0.000000,0.005128,0.010256,0.815385,0.071795,0.092308,0.005128,0.000000,195
KAYONG UTARA,0.000000,0.023256,0.000000,0.069767,0.279070,0.069767,0.558140,0.000000,43
KEBUMEN,0.000000,0.010870,0.002174,0.847826,0.132609,0.004348,0.002174,0.000000,460
KEDIRI,0.012821,0.020513,0.648718,0.238462,0.079487,0.000000,0.000000,0.000000,390
KEEROM,0.065574,0.000000,0.000000,0.131148,0.065574,0.278689,0.442623,0.016393,61
KENDAL,0.006993,0.213287,0.118881,0.402098,0.251748,0.006993,0.000000,0.000000,286
KENDARI,0.062500,0.390625,0.046875,0.281250,0.171875,0.000000,0.015625,0.031250,64
KEPAHIANG,0.000000,0.081818,0.054545,0.500000,0.290909,0.072727,0.000000,0.000000,110
KEPULAUAN ANAMBAS,0.027778,0.000000,0.000000,0.027778,0.944444,0.000000,0.000000,0.000000,36
KEPULAUAN ARU,0.000000,0.025210,0.033613,0.647059,0.142857,0.008403,0.142857,0.000000,119
KEPULAUAN MENTAWAI,0.000000,0.023256,0.000000,0.441860,0.302326,0.162791,0.069767,0.000000,43
KEPULAUAN MERANTI,0.000000,0.000000,0.000000,0.260274,0.000000,0.000000,0.739726,0.000000,73
KEPULAUAN SANGIHE,0.000000,0.233533,0.000000,0.059880,0.652695,0.005988,0.047904,0.000000,167
KEPULAUAN SERIBU,0.000000,0.000000,0.000000,0.000000,0.000000,0.000000,0.833333,0.166667,6
KEPULAUAN SULA,0.000000,0.067669,0.015038,0.676692,0.127820,0.105263,0.000000,0.007519,133
KEPULAUAN TALAUD,0.000000,0.183007,0.019608,0.405229,0.392157,0.000000,0.000000,0.000000,153
KEPULAUAN YAPEN,0.009009,0.153153,0.009009,0.180180,0.414414,0.207207,0.000000,0.027027,111
KERINCI,0.004808,0.538462,0.004808,0.134615,0.158654,0.158654,0.000000,0.000000,208
KETAPANG,0.004016,0.036145,0.004016,0.481928,0.265060,0.192771,0.016064,0.000000,249
KLATEN,0.000000,0.082294,0.089776,0.743142,0.024938,0.000000,0.059850,0.000000,401
KLUNGKUNG,0.016949,0.694915,0.016949,0.067797,0.016949,0.016949,0.169492,0.000000,59
KOLAKA,0.023256,0.148837,0.051163,0.423256,0.306977,0.041860,0.000000,0.004651,215
KOLAKA UTARA,0.007519,0.233083,0.000000,0.045113,0.684211,0.030075,0.000000,0.000000,133
KONAWE,0.007299,0.024331,0.017032,0.605839,0.296837,0.038929,0.002433,0.007299,411
KONAWE SELATAN,0.000000,0.019178,0.027397,0.739726,0.194521,0.019178,0.000000,0.000000,365
KONAWE UTARA,0.000000,0.000000,0.000000,0.239726,0.719178,0.041096,0.000000,0.000000,146
KOTA BARU,0.009950,0.069652,0.014925,0.482587,0.039801,0.323383,0.059701,0.000000,201
KOTAMOBAGU,0.272727,0.393939,0.030303,0.272727,0.030303,0.000000,0.000000,0.000000,33
KOTAWARINGIN BARAT,0.000000,0.095745,0.180851,0.627660,0.031915,0.031915,0.031915,0.000000,94
KOTAWARINGIN TIMUR,0.005714,0.080000,0.034286,0.417143,0.000000,0.331429,0.131429,0.000000,175
KUANTAN SINGINGI,0.033493,0.014354,0.023923,0.885167,0.000000,0.038278,0.004785,0.000000,209
KUBU RAYA,0.009174,0.000000,0.000000,0.009174,0.027523,0.018349,0.926606,0.009174,109
KUDUS,0.000000,0.128788,0.174242,0.621212,0.075758,0.000000,0.000000,0.000000,132
KULON PROGO,0.000000,0.090909,0.000000,0.715909,0.193182,0.000000,0.000000,0.000000,88
KUNINGAN,0.000000,0.098404,0.281915,0.308511,0.287234,0.000000,0.021277,0.002660,376
KUPANG,0.004386,0.197368,0.004386,0.421053,0.333333,0.030702,0.004386,0.004386,228
KUTAI BARAT,0.042017,0.071429,0.067227,0.180672,0.138655,0.483193,0.008403,0.008403,238
KUTAI KARTANEGARA,0.110132,0.317181,0.008811,0.171806,0.096916,0.264317,0.030837,0.000000,227
KUTAI TIMUR,0.022222,0.066667,0.007407,0.392593,0.022222,0.370370,0.096296,0.022222,135
LABUHAN BATU,0.000000,0.071429,0.020408,0.581633,0.000000,0.020408,0.295918,0.010204,98
LABUHAN BATU SELATAN,0.000000,0.018519,0.129630,0.759259,0.000000,0.092593,0.000000,0.000000,54
LABUHAN BATU UTARA,0.000000,0.022222,0.177778,0.588889,0.044444,0.055556,0.111111,0.000000,90
LAHAT,0.002660,0.013298,0.000000,0.768617,0.156915,0.047872,0.007979,0.002660,376
LAMANDAU,0.000000,0.000000,0.000000,0.506024,0.265060,0.228916,0.000000,0.000000,83
LAMONGAN,0.063291,0.156118,0.141350,0.318565,0.056962,0.090717,0.145570,0.027426,474
LAMPUNG BARAT,0.003937,0.173228,0.003937,0.515748,0.181102,0.118110,0.003937,0.000000,254
LAMPUNG SELATAN,0.003984,0.019920,0.000000,0.848606,0.115538,0.011952,0.000000,0.000000,251
LAMPUNG TENGAH,0.000000,0.000000,0.009772,0.986971,0.003257,0.000000,0.000000,0.000000,307
LAMPUNG TIMUR,0.011673,0.023346,0.007782,0.937743,0.007782,0.000000,0.007782,0.003891,257
LAMPUNG UTARA,0.000000,0.000000,0.008097,0.935223,0.052632,0.004049,0.000000,0.000000,247
LANDAK,0.006410,0.006410,0.000000,0.070513,0.314103,0.519231,0.083333,0.000000,156
LANGKAT,0.079422,0.057762,0.227437,0.577617,0.025271,0.014440,0.007220,0.010830,277
LANGSA,0.409091,0.106061,0.196970,0.227273,0.000000,0.000000,0.015152,0.045455,66
LANNY JAYA,0.000000,0.006993,0.000000,0.006993,0.972028,0.013986,0.000000,0.000000,143
LEBAK,0.000000,0.040580,0.072464,0.634783,0.208696,0.031884,0.005797,0.005797,345
LEBONG,0.000000,0.225225,0.018018,0.270270,0.378378,0.108108,0.000000,0.000000,111
LEMBATA,0.000000,0.020833,0.006944,0.229167,0.513889,0.013889,0.215278,0.000000,144
LHOKSEUMAWE,0.176471,0.161765,0.000000,0.647059,0.000000,0.000000,0.000000,0.014706,68
LINGGA,0.000000,0.087719,0.000000,0.508772,0.385965,0.017544,0.000000,0.000000,57
LOMBOK BARAT,0.000000,0.065041,0.000000,0.756098,0.170732,0.000000,0.008130,0.000000,123
LOMBOK TENGAH,0.007194,0.100719,0.000000,0.784173,0.100719,0.007194,0.000000,0.000000,139
LOMBOK TIMUR,0.000000,0.097674,0.004651,0.600000,0.269767,0.013953,0.004651,0.009302,215
LOMBOK UTARA,0.030303,0.151515,0.000000,0.181818,0.545455,0.090909,0.000000,0.000000,33
LUBUKLINGGAU,0.013889,0.347222,0.000000,0.625000,0.000000,0.013889,0.000000,0.000000,72
LUMAJANG,0.000000,0.092683,0.014634,0.639024,0.224390,0.009756,0.014634,0.004878,205
LUWU,0.004405,0.022026,0.105727,0.524229,0.299559,0.035242,0.004405,0.004405,227
LUWU TIMUR,0.017857,0.071429,0.107143,0.633929,0.098214,0.071429,0.000000,0.000000,112
LUWU UTARA,0.028409,0.022727,0.204545,0.511364,0.170455,0.045455,0.005682,0.011364,176
MADIUN,0.000000,0.236052,0.420601,0.218884,0.120172,0.000000,0.000000,0.004292,233
MAGELANG,0.000000,0.167095,0.025707,0.287918,0.519280,0.000000,0.000000,0.000000,389
MAGETAN,0.000000,0.429787,0.097872,0.382979,0.089362,0.000000,0.000000,0.000000,235
MAJALENGKA,0.017857,0.044643,0.273810,0.309524,0.354167,0.000000,0.000000,0.000000,336
MAJENE,0.000000,0.078947,0.105263,0.263158,0.473684,0.078947,0.000000,0.000000,76
MAKASSAR,0.104895,0.860140,0.006993,0.027972,0.000000,0.000000,0.000000,0.000000,143
MALANG,0.015660,0.263982,0.055928,0.272931,0.373602,0.011186,0.004474,0.002237,447
MALINAU,0.000000,0.091743,0.000000,0.000000,0.394495,0.431193,0.073394,0.009174,109
MALUKU BARAT DAYA,0.000000,0.017094,0.000000,0.470085,0.393162,0.017094,0.102564,0.000000,117
MALUKU TENGAH,0.000000,0.068182,0.085227,0.414773,0.357955,0.028409,0.039773,0.005682,176
MALUKU TENGGARA,0.000000,0.068966,0.022989,0.402299,0.482759,0.000000,0.022989,0.000000,87
MALUKU TENGGARA BARAT,0.000000,0.027027,0.000000,0.648649,0.297297,0.027027,0.000000,0.000000,74
MAMASA,0.000000,0.022599,0.000000,0.016949,0.841808,0.118644,0.000000,0.000000,177
MAMBERAMO RAYA,0.000000,0.000000,0.000000,0.153846,0.051282,0.692308,0.051282,0.051282,39
MAMBERAMO TENGAH,0.000000,0.000000,0.000000,0.000000,1.000000,0.000000,0.000000,0.000000,59
MAMUJU,0.012903,0.045161,0.006452,0.522581,0.296774,0.090323,0.025806,0.000000,155
MAMUJU UTARA,0.015873,0.000000,0.000000,0.888889,0.047619,0.031746,0.015873,0.000000,63
MANADO,0.172414,0.459770,0.149425,0.183908,0.022989,0.000000,0.011494,0.000000,87
MANDAILING NATAL,0.004902,0.014706,0.007353,0.455882,0.279412,0.208333,0.009804,0.019608,408
MANGGARAI,0.000000,0.114094,0.000000,0.026846,0.845638,0.013423,0.000000,0.000000,149
MANGGARAI BARAT,0.008264,0.099174,0.000000,0.049587,0.768595,0.074380,0.000000,0.000000,121
MANGGARAI TIMUR,0.000000,0.022727,0.000000,0.045455,0.823864,0.102273,0.000000,0.005682,176
MANOKWARI,0.009592,0.011990,0.002398,0.213429,0.532374,0.215827,0.009592,0.004796,417
MAPPI,0.000000,0.007299,0.000000,0.627737,0.007299,0.175182,0.182482,0.000000,137
MAROS,0.048544,0.067961,0.009709,0.543689,0.184466,0.058252,0.087379,0.000000,103
MATARAM,0.000000,0.820000,0.000000,0.140000,0.000000,0.040000,0.000000,0.000000,50
MAYBRAT,0.000000,0.023256,0.007752,0.007752,0.449612,0.480620,0.015504,0.015504,129
MEDAN,0.052980,0.834437,0.013245,0.099338,0.000000,0.000000,0.000000,0.000000,151
MELAWI,0.000000,0.059172,0.000000,0.142012,0.201183,0.591716,0.005917,0.000000,169
MERANGIN,0.028302,0.070755,0.056604,0.495283,0.066038,0.283019,0.000000,0.000000,212
MERAUKE,0.000000,0.035714,0.005952,0.625000,0.005952,0.053571,0.267857,0.005952,168
MESUJI,0.000000,0.013158,0.013158,0.592105,0.000000,0.026316,0.355263,0.000000,76
METRO,0.045455,0.000000,0.000000,0.954545,0.000000,0.000000,0.000000,0.000000,22
MIMIKA,0.047059,0.070588,0.035294,0.082353,0.023529,0.011765,0.729412,0.000000,85
MINAHASA,0.025316,0.244726,0.008439,0.303797,0.375527,0.037975,0.000000,0.004219,237
MINAHASA SELATAN,0.029412,0.088235,0.011765,0.400000,0.458824,0.005882,0.000000,0.005882,170
MINAHASA TENGGARA,0.000000,0.111111,0.006944,0.597222,0.284722,0.000000,0.000000,0.000000,144
MINAHASA UTARA,0.048000,0.112000,0.048000,0.456000,0.312000,0.000000,0.016000,0.008000,125
MOJOKERTO,0.009317,0.090062,0.487578,0.291925,0.118012,0.003106,0.000000,0.000000,322
MOROWALI,0.000000,0.116667,0.029167,0.475000,0.325000,0.029167,0.016667,0.008333,240
MUARA ENIM,0.015337,0.107362,0.003067,0.723926,0.061350,0.082822,0.000000,0.006135,326
MUARO JAMBI,0.033113,0.066225,0.019868,0.867550,0.000000,0.013245,0.000000,0.000000,151
MUKOMUKO,0.026316,0.026316,0.000000,0.888158,0.026316,0.032895,0.000000,0.000000,152
MUNA,0.000000,0.092050,0.000000,0.732218,0.083682,0.037657,0.054393,0.000000,239
MURUNG RAYA,0.000000,0.040323,0.000000,0.008065,0.120968,0.814516,0.000000,0.016129,124
MUSI BANYUASIN,0.025424,0.156780,0.008475,0.584746,0.004237,0.105932,0.114407,0.000000,236
MUSI RAWAS,0.003610,0.028881,0.000000,0.765343,0.018051,0.180505,0.003610,0.000000,277
NABIRE,0.012346,0.024691,0.000000,0.444444,0.172840,0.135802,0.209877,0.000000,81
NAGAN RAYA,0.004484,0.008969,0.013453,0.932735,0.017937,0.017937,0.004484,0.000000,223
NAGEKEO,0.000000,0.060000,0.000000,0.110000,0.760000,0.030000,0.030000,0.010000,100
NATUNA,0.013699,0.013699,0.000000,0.383562,0.589041,0.000000,0.000000,0.000000,73
NDUGA,0.000000,0.000000,0.000000,0.000000,1.000000,0.000000,0.000000,0.000000,32
NGADA,0.000000,0.291262,0.009709,0.087379,0.563107,0.019417,0.029126,0.000000,103
NGANJUK,0.000000,0.070423,0.742958,0.130282,0.052817,0.000000,0.000000,0.003521,284
NGAWI,0.000000,0.119816,0.299539,0.460829,0.115207,0.004608,0.000000,0.000000,217
NIAS,0.000000,0.000000,0.008403,0.554622,0.243697,0.084034,0.100840,0.008403,119
NIAS BARAT,0.000000,0.000000,0.000000,0.700000,0.063636,0.054545,0.172727,0.009091,110
NIAS SELATAN,0.000000,0.005618,0.000000,0.376404,0.435393,0.028090,0.148876,0.005618,356
NIAS UTARA,0.000000,0.008850,0.000000,0.389381,0.336283,0.070796,0.194690,0.000000,113
NUNUKAN,0.000000,0.029167,0.000000,0.012500,0.258333,0.366667,0.329167,0.004167,240
OGAN ILIR,0.037344,0.041494,0.058091,0.572614,0.000000,0.278008,0.008299,0.004149,241
OGAN KOMERING ILIR,0.029032,0.019355,0.029032,0.712903,0.000000,0.080645,0.125806,0.003226,310
OGAN KOMERING ULU,0.019481,0.090909,0.032468,0.714286,0.045455,0.097403,0.000000,0.000000,154
OGAN KOMERING ULU SELATAN,0.000000,0.073359,0.011583,0.463320,0.223938,0.220077,0.007722,0.000000,259
OGAN KOMERING ULU TIMUR,0.003378,0.010135,0.006757,0.932432,0.003378,0.043919,0.000000,0.000000,296
PACITAN,0.000000,0.128655,0.000000,0.298246,0.561404,0.011696,0.000000,0.000000,171
PADANG,0.038462,0.557692,0.019231,0.346154,0.028846,0.000000,0.000000,0.009615,104
PADANG LAWAS,0.000000,0.000000,0.003289,0.782895,0.095395,0.118421,0.000000,0.000000,304
PADANG LAWAS UTARA,0.000000,0.000000,0.000000,0.518041,0.170103,0.311856,0.000000,0.000000,388
PADANG PANJANG,0.000000,0.875000,0.000000,0.000000,0.125000,0.000000,0.000000,0.000000,16
PADANGSIDIMPUAN,0.000000,0.202532,0.063291,0.582278,0.151899,0.000000,0.000000,0.000000,79
PAGAR ALAM,0.028571,0.085714,0.142857,0.428571,0.314286,0.000000,0.000000,0.000000,35
PAKPAK BHARAT,0.000000,0.076923,0.000000,0.057692,0.403846,0.230769,0.153846,0.076923,52
PALANGKA RAYA,0.000000,0.133333,0.700000,0.033333,0.100000,0.033333,0.000000,0.000000,30
PALEMBANG,0.046729,0.897196,0.000000,0.028037,0.000000,0.018692,0.009346,0.000000,107
PALOPO,0.000000,0.604167,0.000000,0.208333,0.166667,0.020833,0.000000,0.000000,48
PALU,0.023256,0.255814,0.627907,0.000000,0.093023,0.000000,0.000000,0.000000,43
PAMEKASAN,0.000000,0.095238,0.105820,0.783069,0.015873,0.000000,0.000000,0.000000,189
PANDEGLANG,0.008955,0.065672,0.080597,0.582090,0.202985,0.056716,0.002985,0.000000,335
PANGKAJENE DAN KEPULAUAN,0.058252,0.145631,0.000000,0.660194,0.106796,0.000000,0.029126,0.000000,103
PANGKAL PINANG,0.444444,0.000000,0.416667,0.138889,0.000000,0.000000,0.000000,0.000000,36
PANIAI,0.000000,0.000000,0.000000,0.000000,0.857143,0.114286,0.028571,0.000000,70
PARE-PARE,0.045455,0.909091,0.000000,0.000000,0.045455,0.000000,0.000000,0.000000,22
PARIAMAN,0.028169,0.140845,0.000000,0.788732,0.000000,0.014085,0.028169,0.000000,71
PARIGI MOUTONG,0.015000,0.050000,0.180000,0.430000,0.160000,0.150000,0.000000,0.015000,200
PASER,0.015267,0.114504,0.000000,0.427481,0.061069,0.274809,0.099237,0.007634,131
PASURUAN,0.000000,0.100251,0.335840,0.320802,0.235589,0.002506,0.000000,0.005013,399
PATI,0.014778,0.189655,0.263547,0.440887,0.086207,0.002463,0.002463,0.000000,406
PAYAKUMBUH,0.000000,0.960526,0.000000,0.039474,0.000000,0.000000,0.000000,0.000000,76
PEGUNUNGAN BINTANG,0.000000,0.004098,0.008197,0.008197,0.627049,0.061475,0.258197,0.032787,244
PEKALONGAN,0.000000,0.099398,0.120482,0.575301,0.204819,0.000000,0.000000,0.000000,332
PEKANBARU,0.258621,0.000000,0.448276,0.241379,0.017241,0.000000,0.000000,0.034483,58
PELALAWAN,0.093220,0.008475,0.076271,0.703390,0.000000,0.033898,0.084746,0.000000,118
PEMALANG,0.013514,0.072072,0.157658,0.536036,0.202703,0.000000,0.018018,0.000000,222
PEMATANG SIANTAR,0.000000,1.000000,0.000000,0.000000,0.000000,0.000000,0.000000,0.000000,53
PENAJAM PASER UTARA,0.018519,0.129630,0.111111,0.537037,0.018519,0.018519,0.148148,0.018519,54
PESAWARAN,0.015038,0.045113,0.000000,0.796992,0.135338,0.007519,0.000000,0.000000,133
PIDIE,0.027360,0.013680,0.013680,0.891929,0.036936,0.013680,0.002736,0.000000,731
PIDIE JAYA,0.018018,0.081081,0.004505,0.846847,0.018018,0.022523,0.000000,0.009009,222
PINRANG,0.019231,0.048077,0.442308,0.375000,0.038462,0.076923,0.000000,0.000000,104
POHUWATO,0.000000,0.240385,0.000000,0.653846,0.009615,0.096154,0.000000,0.000000,104
POLEWALI MANDAR,0.000000,0.053892,0.035928,0.431138,0.359281,0.119760,0.000000,0.000000,167
PONOROGO,0.000000,0.091803,0.403279,0.311475,0.183607,0.009836,0.000000,0.000000,305
PONTIANAK,0.031250,0.010417,0.000000,0.125000,0.093750,0.000000,0.739583,0.000000,96
POSO,0.000000,0.160256,0.070513,0.115385,0.416667,0.230769,0.006410,0.000000,156
PRABUMULIH,0.027027,0.081081,0.108108,0.783784,0.000000,0.000000,0.000000,0.000000,37
PRINGSEWU,0.059406,0.009901,0.000000,0.891089,0.019802,0.019802,0.000000,0.000000,101
PROBOLINGGO,0.002786,0.097493,0.501393,0.133705,0.256267,0.000000,0.005571,0.002786,359
PULANG PISAU,0.000000,0.040404,0.141414,0.070707,0.050505,0.313131,0.383838,0.000000,99
PULAU MOROTAI,0.000000,0.140625,0.000000,0.656250,0.078125,0.093750,0.031250,0.000000,64
PUNCAK,0.000000,0.025000,0.000000,0.012500,0.837500,0.087500,0.037500,0.000000,80
PUNCAK JAYA,0.000000,0.016556,0.009934,0.023179,0.867550,0.082781,0.000000,0.000000,302
PURBALINGGA,0.000000,0.200837,0.029289,0.573222,0.196653,0.000000,0.000000,0.000000,239
PURWAKARTA,0.005208,0.093750,0.171875,0.473958,0.244792,0.010417,0.000000,0.000000,192
PURWOREJO,0.002024,0.032389,0.030364,0.736842,0.198381,0.000000,0.000000,0.000000,494
RAJA AMPAT,0.033333,0.008333,0.008333,0.750000,0.075000,0.116667,0.008333,0.000000,120
REJANG LEBONG,0.000000,0.217949,0.025641,0.480769,0.230769,0.038462,0.000000,0.006410,156
REMBANG,0.027211,0.078231,0.210884,0.404762,0.278912,0.000000,0.000000,0.000000,294
ROKAN HILIR,0.093333,0.000000,0.093333,0.340000,0.000000,0.013333,0.453333,0.006667,150
ROKAN HULU,0.039216,0.006536,0.032680,0.908497,0.000000,0.013072,0.000000,0.000000,153
ROTE NDAO,0.000000,0.034091,0.000000,0.738636,0.215909,0.000000,0.011364,0.000000,88
S I A K,0.125000,0.023438,0.031250,0.398438,0.007813,0.000000,0.414063,0.000000,128
SABANG,0.000000,0.444444,0.000000,0.277778,0.166667,0.000000,0.055556,0.055556,18
SABU RAIJUA,0.000000,0.031746,0.000000,0.952381,0.015873,0.000000,0.000000,0.000000,63
SALATIGA,0.000000,0.727273,0.000000,0.227273,0.045455,0.000000,0.000000,0.000000,22
SAMARINDA,0.037736,0.830189,0.037736,0.094340,0.000000,0.000000,0.000000,0.000000,53
SAMBAS,0.000000,0.021739,0.000000,0.016304,0.054348,0.032609,0.875000,0.000000,184
SAMOSIR,0.000000,0.042735,0.008547,0.051282,0.393162,0.358974,0.102564,0.042735,117
SAMPANG,0.005376,0.075269,0.026882,0.784946,0.037634,0.005376,0.064516,0.000000,186
SANGGAU,0.006024,0.096386,0.078313,0.042169,0.198795,0.512048,0.042169,0.024096,166
SARMI,0.000000,0.000000,0.116279,0.616279,0.011628,0.116279,0.104651,0.034884,86
SAROLANGUN,0.007042,0.077465,0.007042,0.718310,0.000000,0.190141,0.000000,0.000000,142
SAWAH LUNTO,0.000000,0.459459,0.000000,0.027027,0.486486,0.000000,0.027027,0.000000,37
SEKADAU,0.000000,0.065789,0.000000,0.144737,0.118421,0.605263,0.065789,0.000000,76
SELAYAR,0.074074,0.098765,0.012346,0.382716,0.320988,0.037037,0.074074,0.000000,81
SELUMA,0.005025,0.005025,0.020101,0.899497,0.020101,0.040201,0.010050,0.000000,199
SEMARANG,0.000000,0.291262,0.128641,0.339806,0.237864,0.002427,0.000000,0.000000,412
SERAM BAGIAN BARAT,0.000000,0.000000,0.043478,0.413043,0.478261,0.065217,0.000000,0.000000,92
SERAM BAGIAN TIMUR,0.006993,0.000000,0.013986,0.608392,0.314685,0.034965,0.020979,0.000000,143
SERANG,0.176316,0.068421,0.352632,0.255263,0.094737,0.039474,0.005263,0.007895,380
SERDANG BEDAGAI,0.020576,0.008230,0.654321,0.251029,0.053498,0.000000,0.004115,0.008230,243
SERUYAN,0.000000,0.050000,0.010000,0.320000,0.030000,0.530000,0.050000,0.010000,100
SIAU TAGULANDANG BIARO,0.000000,0.071429,0.023810,0.166667,0.357143,0.000000,0.380952,0.000000,84
SIBOLGA,0.000000,1.000000,0.000000,0.000000,0.000000,0.000000,0.000000,0.000000,17
SIDENRENG RAPPANG,0.000000,0.113208,0.641509,0.141509,0.094340,0.009434,0.000000,0.000000,106
SIDOARJO,0.059659,0.093750,0.272727,0.133523,0.440341,0.000000,0.000000,0.000000,352
SIGI,0.000000,0.057325,0.165605,0.108280,0.369427,0.286624,0.006369,0.006369,157
SIJUNJUNG,0.000000,0.000000,0.000000,0.000000,0.000000,0.000000,0.000000,1.000000,1
SIKKA,0.000000,0.156250,0.000000,0.137500,0.393750,0.018750,0.293750,0.000000,160
SIMALUNGUN,0.002725,0.261580,0.277929,0.177112,0.267030,0.005450,0.008174,0.000000,367
SIMEULUE,0.014493,0.101449,0.007246,0.666667,0.043478,0.021739,0.144928,0.000000,138
SINGKAWANG,0.038462,0.346154,0.000000,0.038462,0.230769,0.000000,0.346154,0.000000,26
SINJAI,0.012500,0.100000,0.000000,0.500000,0.375000,0.000000,0.012500,0.000000,80
SINTANG,0.010453,0.020906,0.027875,0.289199,0.080139,0.547038,0.020906,0.003484,287
SITUBONDO,0.000000,0.088235,0.279412,0.375000,0.250000,0.007353,0.000000,0.000000,136
SLEMAN,0.000000,0.000000,0.023256,0.918605,0.058140,0.000000,0.000000,0.000000,86
SOLOK,0.000000,1.000000,0.000000,0.000000,0.000000,0.000000,0.000000,0.000000,13
SOPPENG,0.000000,0.128571,0.442857,0.185714,0.228571,0.000000,0.000000,0.014286,70
SORONG,0.018072,0.054217,0.054217,0.210843,0.120482,0.240964,0.295181,0.006024,166
SORONG SELATAN,0.000000,0.058824,0.025210,0.193277,0.176471,0.453782,0.084034,0.008403,119
SRAGEN,0.000000,0.163462,0.144231,0.682692,0.000000,0.000000,0.009615,0.000000,208
SUBANG,0.003953,0.083004,0.616601,0.150198,0.130435,0.000000,0.000000,0.015810,253
SUBULUSSALAM,0.027027,0.027027,0.000000,0.675676,0.054054,0.216216,0.000000,0.000000,74
SUKABUMI,0.000000,0.050000,0.122500,0.642500,0.175000,0.007500,0.000000,0.002500,400
SUKAMARA,0.000000,0.000000,0.250000,0.562500,0.031250,0.093750,0.062500,0.000000,32
SUKOHARJO,0.000000,0.023952,0.293413,0.670659,0.011976,0.000000,0.000000,0.000000,167
SUMBA BARAT,0.000000,0.000000,0.000000,0.233333,0.716667,0.050000,0.000000,0.000000,60
SUMBA BARAT DAYA,0.000000,0.000000,0.000000,0.083333,0.427083,0.239583,0.229167,0.020833,96
SUMBA TENGAH,0.000000,0.000000,0.000000,0.209302,0.604651,0.139535,0.023256,0.023256,43
SUMBA TIMUR,0.000000,0.051282,0.000000,0.339744,0.506410,0.064103,0.019231,0.019231,156
SUMBAWA,0.012048,0.210843,0.084337,0.500000,0.144578,0.042169,0.006024,0.000000,166
SUMBAWA BARAT,0.093750,0.109375,0.359375,0.312500,0.031250,0.031250,0.000000,0.062500,64
SUMEDANG,0.003584,0.129032,0.032258,0.336918,0.494624,0.003584,0.000000,0.000000,279
SUMENEP,0.003012,0.075301,0.156627,0.704819,0.060241,0.000000,0.000000,0.000000,332
SUNGAI PENUH,0.000000,0.710145,0.000000,0.231884,0.000000,0.043478,0.000000,0.014493,69
SUPIORI,0.000000,0.000000,0.000000,0.342105,0.315789,0.210526,0.131579,0.000000,38
SURABAYA,0.137500,0.856250,0.006250,0.000000,0.000000,0.000000,0.000000,0.000000,160
SURAKARTA,0.000000,0.764706,0.215686,0.019608,0.000000,0.000000,0.000000,0.000000,51
TABALONG,0.000000,0.312977,0.030534,0.435115,0.045802,0.175573,0.000000,0.000000,131
TABANAN,0.000000,0.496241,0.022556,0.067669,0.360902,0.052632,0.000000,0.000000,133
TAKALAR,0.000000,0.150538,0.430108,0.419355,0.000000,0.000000,0.000000,0.000000,93
TAMBRAUW,0.020000,0.000000,0.000000,0.340000,0.100000,0.540000,0.000000,0.000000,50
TANA TIDUNG,0.000000,0.043478,0.000000,0.043478,0.086957,0.130435,0.695652,0.000000,23
TANA TORAJA,0.000000,0.113208,0.037736,0.257862,0.566038,0.025157,0.000000,0.000000,159
TANAH BUMBU,0.033333,0.046667,0.180000,0.593333,0.000000,0.146667,0.000000,0.000000,150
TANAH LAUT,0.007407,0.037037,0.051852,0.837037,0.007407,0.022222,0.037037,0.000000,135
TANGERANG,0.134921,0.113757,0.552910,0.185185,0.002646,0.002646,0.002646,0.005291,378
TANGERANG SELATAN,0.092593,0.055556,0.833333,0.018519,0.000000,0.000000,0.000000,0.000000,54
TANGGAMUS,0.003597,0.014388,0.014388,0.723022,0.205036,0.032374,0.007194,0.000000,278
TANJUNG BALAI,0.000000,1.000000,0.000000,0.000000,0.000000,0.000000,0.000000,0.000000,31
TANJUNG JABUNG BARAT,0.057143,0.014286,0.000000,0.414286,0.000000,0.028571,0.471429,0.014286,70
TANJUNG JABUNG TIMUR,0.000000,0.000000,0.000000,0.075269,0.000000,0.021505,0.903226,0.000000,93
TANJUNG PINANG,0.055556,0.388889,0.000000,0.555556,0.000000,0.000000,0.000000,0.000000,18
TAPANULI SELATAN,0.000000,0.044355,0.004032,0.197581,0.637097,0.116935,0.000000,0.000000,248
TAPANULI TENGAH,0.000000,0.112994,0.000000,0.310734,0.457627,0.101695,0.011299,0.005650,177
TAPANULI UTARA,0.000000,0.106996,0.045267,0.185185,0.559671,0.049383,0.049383,0.004115,243
TAPIN,0.000000,0.323308,0.157895,0.218045,0.090226,0.203008,0.000000,0.007519,133
TARAKAN,0.050000,0.650000,0.000000,0.150000,0.050000,0.000000,0.100000,0.000000,20
TASIKMALAYA,0.000000,0.028571,0.188095,0.483333,0.278571,0.007143,0.009524,0.004762,420
TEBING TINGGI,0.000000,0.314286,0.628571,0.057143,0.000000,0.000000,0.000000,0.000000,35
TEBO,0.066038,0.028302,0.000000,0.792453,0.000000,0.113208,0.000000,0.000000,106
TEGAL,0.006369,0.203822,0.111465,0.547771,0.130573,0.000000,0.000000,0.000000,314
TELUK BINTUNI,0.000000,0.000000,0.059211,0.236842,0.092105,0.151316,0.453947,0.006579,152
TELUK WONDAMA,0.013158,0.000000,0.000000,0.157895,0.039474,0.776316,0.000000,0.013158,76
TEMANGGUNG,0.000000,0.183391,0.020761,0.238754,0.557093,0.000000,0.000000,0.000000,289
TERNATE,0.000000,0.558442,0.000000,0.259740,0.025974,0.000000,0.155844,0.000000,77
TIDORE KEPULAUAN,0.000000,0.000000,0.055556,0.763889,0.027778,0.000000,0.152778,0.000000,72
TIMOR TENGAH SELATAN,0.000000,0.062500,0.000000,0.183333,0.679167,0.066667,0.000000,0.008333,240
TIMOR TENGAH UTARA,0.000000,0.125000,0.000000,0.359375,0.437500,0.072917,0.000000,0.005208,192
TOBA SAMOSIR,0.004098,0.094262,0.172131,0.290984,0.331967,0.102459,0.000000,0.004098,244
TOJO UNA-UNA,0.000000,0.173554,0.041322,0.090909,0.545455,0.148760,0.000000,0.000000,121
TOLIKARA,0.000000,0.007890,0.001972,0.003945,0.962525,0.017751,0.001972,0.003945,507
TOLI-TOLI,0.000000,0.142857,0.000000,0.362637,0.373626,0.098901,0.000000,0.021978,91
TOMOHON,0.000000,0.272727,0.045455,0.409091,0.272727,0.000000,0.000000,0.000000,44
TORAJA UTARA,0.006623,0.112583,0.019868,0.139073,0.695364,0.013245,0.013245,0.000000,151
TRENGGALEK,0.000000,0.006369,0.000000,0.554140,0.439490,0.000000,0.000000,0.000000,157
TUAL,0.000000,0.034483,0.103448,0.586207,0.206897,0.000000,0.034483,0.034483,29
TUBAN,0.015244,0.182927,0.231707,0.487805,0.073171,0.000000,0.009146,0.000000,328
TULANG BAWANG BARAT,0.000000,0.000000,0.000000,1.000000,0.000000,0.000000,0.000000,0.000000,79
TULANGBAWANG,0.046358,0.000000,0.000000,0.807947,0.000000,0.000000,0.132450,0.013245,151
TULUNGAGUNG,0.000000,0.110701,0.121771,0.660517,0.107011,0.000000,0.000000,0.000000,271
WAJO,0.000000,0.142045,0.357955,0.375000,0.000000,0.113636,0.011364,0.000000,176
WAKATOBI,0.000000,0.150000,0.000000,0.530000,0.070000,0.000000,0.250000,0.000000,100
WAROPEN,0.000000,0.000000,0.000000,0.218391,0.137931,0.356322,0.287356,0.000000,87
WAY KANAN,0.000000,0.004762,0.009524,0.919048,0.042857,0.019048,0.000000,0.004762,210
WONOGIRI,0.000000,0.088435,0.149660,0.241497,0.452381,0.000000,0.068027,0.000000,294
WONOSOBO,0.000000,0.320755,0.007547,0.007547,0.660377,0.003774,0.000000,0.000000,265
YAHUKIMO,0.000000,0.000000,0.000000,0.000000,0.851351,0.083012,0.065637,0.000000,518
YALIMO,0.000000,0.000000,0.000000,0.000000,0.481481,0.481481,0.037037,0.000000,27
YOGYAKARTA,0.000000,0.200000,0.355556,0.444444,0.000000,0.000000,0.000000,0.000000,45
